Stationary-target Koopman guidance validation
max_bilinear_consistency_error=2.394466272609e-11
one_step_nrmse= 2.69169800e-06 4.09473090e-06 5.40152779e-09
one_step_rolling_nrmse= 1.11795254e-02 1.77532482e-02 1.28738012e-07
multi_step_nrmse= 8.44770726e-03 1.32723969e-02 2.71074829e-08
bilinear_rolling_nrmse= 2.10898259e-05 2.25012689e-05 1.35436294e-07
one_step_residual95= 1.21112571e-06 2.25903169e-06 6.19150271e-09
tube_bound99_terminal= 4.51614355e-05 4.20659209e-05 5.47800184e-07
terminal_tol= 4.16666667e-04 5.00000000e-04 5.23598776e-02
terminal_tightening= 4.51614355e-05 4.20659209e-05 5.47800184e-07
terminal_tol_tight= 3.71505231e-04 4.57934079e-04 5.23593298e-02
nominal_impact_satisfied=0
nominal_captured=0
nominal_final_range_m=11233.68964824
nominal_impact_time_s=32.90000000
nominal_impact_time_error_s=-7.10000000
nominal_impact_range_m=345.82421227
nominal_impact_heading_deg=36.56144571
nominal_impact_heading_error_deg=-23.43855429
nominal_final_heading_deg=59.99908039
nominal_max_command_mps2=93.60000000
nominal_max_acceleration_mps2=93.59999989
nominal_qp_failures=0
nominal_mean_solve_time_ms=4.32020957
nominal_max_solve_time_ms=8.56730000
nominal_max_look_angle_deg=177.74814624
nominal_fov_limit_deg=Inf
nominal_fov_violation_deg=0.00000000
nominal_mean_xi=0.03139522
nominal_max_prediction_error=0.12374879
nominal_max_terminal_slack= 4.96360072e-08 8.06097222e-01 1.55138030e-01
nominal_final_alpha_hat=1.00000000
nominal_final_beta_hat=1.03874021
stress_impact_satisfied=0
stress_captured=0
stress_final_range_m=10611.18217466
stress_impact_time_s=33.90000000
stress_impact_time_error_s=-6.10000000
stress_impact_range_m=346.64680720
stress_impact_heading_deg=35.09168565
stress_impact_heading_error_deg=-24.90831435
stress_final_heading_deg=59.99846833
stress_max_command_mps2=93.60000000
stress_max_acceleration_mps2=93.59999989
stress_qp_failures=0
stress_mean_solve_time_ms=4.34363229
stress_max_solve_time_ms=9.08090000
stress_max_look_angle_deg=176.51252772
stress_fov_limit_deg=Inf
stress_fov_violation_deg=0.00000000
stress_mean_xi=0.03807370
stress_max_prediction_error=0.13587546
stress_max_terminal_slack= 4.98595275e-08 8.06097222e-01 1.55035371e-01
stress_final_alpha_hat=0.97000000
stress_final_beta_hat=1.00669161
comparison_bilinear_koopman_mpc_impact_satisfied=0
comparison_bilinear_koopman_mpc_captured=0
comparison_bilinear_koopman_mpc_final_range_m=11233.68964824
comparison_bilinear_koopman_mpc_impact_time_s=32.90000000
comparison_bilinear_koopman_mpc_impact_time_error_s=-7.10000000
comparison_bilinear_koopman_mpc_impact_range_m=345.82421227
comparison_bilinear_koopman_mpc_impact_heading_deg=36.56144571
comparison_bilinear_koopman_mpc_impact_heading_error_deg=-23.43855429
comparison_bilinear_koopman_mpc_final_heading_deg=59.99908039
comparison_bilinear_koopman_mpc_max_command_mps2=93.60000000
comparison_bilinear_koopman_mpc_max_acceleration_mps2=93.59999989
comparison_bilinear_koopman_mpc_qp_failures=0
comparison_bilinear_koopman_mpc_mean_solve_time_ms=4.32020957
comparison_bilinear_koopman_mpc_max_solve_time_ms=8.56730000
comparison_bilinear_koopman_mpc_max_look_angle_deg=177.74814624
comparison_bilinear_koopman_mpc_fov_limit_deg=Inf
comparison_bilinear_koopman_mpc_fov_violation_deg=0.00000000
comparison_bilinear_koopman_mpc_mean_xi=0.03139522
comparison_bilinear_koopman_mpc_max_prediction_error=0.12374879
comparison_bilinear_koopman_mpc_max_terminal_slack= 4.96360072e-08 8.06097222e-01 1.55138030e-01
comparison_bilinear_koopman_mpc_final_alpha_hat=1.00000000
comparison_bilinear_koopman_mpc_final_beta_hat=1.03874021
