Stationary-target Koopman guidance validation
max_bilinear_consistency_error=2.394466272609e-11
one_step_nrmse= 1.75965741e-06 4.33457431e-06 2.21199498e-01
one_step_rolling_nrmse= 7.97997769e-03 1.85936663e-02 6.62175891e-01
multi_step_nrmse= 5.45502380e-03 1.38559088e-02 7.24326778e-01
bilinear_rolling_nrmse= 1.90221214e-05 2.40070343e-05 6.93766523e-01
one_step_residual95= 7.18134533e-07 2.73820903e-06 1.54952392e-02
tube_bound99_terminal= 4.24657914e-05 4.73093321e-05 2.03397765e+00
terminal_tol= 4.16666667e-04 5.00000000e-04 5.23598776e-02
terminal_tightening= 4.24657914e-05 4.73093321e-05 4.18879020e-02
terminal_tol_tight= 3.74200875e-04 4.52690668e-04 1.04719755e-02
nominal_impact_satisfied=0
nominal_captured=0
nominal_final_range_m=15824.08795665
nominal_impact_time_s=23.90000000
nominal_impact_time_error_s=-16.10000000
nominal_impact_range_m=6280.17035460
nominal_impact_heading_deg=44.80272776
nominal_impact_heading_error_deg=-45.19727224
nominal_final_heading_deg=57.34709755
nominal_max_command_mps2=93.60000000
nominal_max_acceleration_mps2=89.06749274
nominal_qp_failures=5
nominal_mean_solve_time_ms=5.09423529
nominal_max_solve_time_ms=8.36000000
nominal_max_look_angle_deg=126.14724742
nominal_fov_limit_deg=Inf
nominal_fov_violation_deg=0.00000000
nominal_mean_xi=0.90617517
nominal_max_prediction_error=0.33346164
nominal_max_terminal_slack= 4.99494641e-08 9.34080700e-01 2.90219029e-01
nominal_final_alpha_hat=0.99960514
nominal_final_beta_hat=0.96465485
stress_impact_satisfied=0
stress_captured=0
stress_final_range_m=15293.86841783
stress_impact_time_s=24.40000000
stress_impact_time_error_s=-15.60000000
stress_impact_range_m=6314.20772469
stress_impact_heading_deg=44.93060117
stress_impact_heading_error_deg=-45.06939883
stress_final_heading_deg=52.92522971
stress_max_command_mps2=93.60000000
stress_max_acceleration_mps2=64.54042961
stress_qp_failures=3
stress_mean_solve_time_ms=4.91166329
stress_max_solve_time_ms=8.20470000
stress_max_look_angle_deg=126.64029327
stress_fov_limit_deg=Inf
stress_fov_violation_deg=0.00000000
stress_mean_xi=0.90643529
stress_max_prediction_error=0.34581092
stress_max_terminal_slack= 4.99522100e-08 9.34080700e-01 2.90551921e-01
stress_final_alpha_hat=0.97007438
stress_final_beta_hat=0.87102730
comparison_bilinear_koopman_mpc_impact_satisfied=0
comparison_bilinear_koopman_mpc_captured=0
comparison_bilinear_koopman_mpc_final_range_m=15824.08795665
comparison_bilinear_koopman_mpc_impact_time_s=23.90000000
comparison_bilinear_koopman_mpc_impact_time_error_s=-16.10000000
comparison_bilinear_koopman_mpc_impact_range_m=6280.17035460
comparison_bilinear_koopman_mpc_impact_heading_deg=44.80272776
comparison_bilinear_koopman_mpc_impact_heading_error_deg=-45.19727224
comparison_bilinear_koopman_mpc_final_heading_deg=57.34709755
comparison_bilinear_koopman_mpc_max_command_mps2=93.60000000
comparison_bilinear_koopman_mpc_max_acceleration_mps2=89.06749274
comparison_bilinear_koopman_mpc_qp_failures=5
comparison_bilinear_koopman_mpc_mean_solve_time_ms=5.09423529
comparison_bilinear_koopman_mpc_max_solve_time_ms=8.36000000
comparison_bilinear_koopman_mpc_max_look_angle_deg=126.14724742
comparison_bilinear_koopman_mpc_fov_limit_deg=Inf
comparison_bilinear_koopman_mpc_fov_violation_deg=0.00000000
comparison_bilinear_koopman_mpc_mean_xi=0.90617517
comparison_bilinear_koopman_mpc_max_prediction_error=0.33346164
comparison_bilinear_koopman_mpc_max_terminal_slack= 4.99494641e-08 9.34080700e-01 2.90219029e-01
comparison_bilinear_koopman_mpc_final_alpha_hat=0.99960514
comparison_bilinear_koopman_mpc_final_beta_hat=0.96465485
