Stationary-target Koopman guidance validation
max_bilinear_consistency_error=2.394466272609e-11
one_step_nrmse= 3.75296640e-06 2.78970863e-06 3.15471740e-09
one_step_rolling_nrmse= 1.56771267e-02 1.25889323e-02 6.65968230e-08
multi_step_nrmse= 1.19240501e-02 9.14863918e-03 1.20003388e-08
bilinear_rolling_nrmse= 2.32283511e-05 1.93657653e-05 7.75580594e-08
one_step_residual95= 1.98063319e-06 1.37087823e-06 3.60302940e-09
tube_bound99_terminal= 4.82280773e-05 3.78212430e-05 3.81635266e-07
terminal_tol= 4.16666667e-04 5.00000000e-04 5.23598776e-02
terminal_tightening= 4.82280773e-05 3.78212430e-05 3.81635266e-07
terminal_tol_tight= 3.68438589e-04 4.62178757e-04 5.23594959e-02
nominal_impact_satisfied=0
nominal_captured=0
nominal_final_range_m=3731.37867114
nominal_impact_time_s=37.60000000
nominal_impact_time_error_s=-2.40000000
nominal_impact_range_m=11.59676306
nominal_impact_heading_deg=29.92039774
nominal_impact_heading_error_deg=-0.07960226
nominal_final_heading_deg=29.99294861
nominal_max_command_mps2=93.60000000
nominal_max_acceleration_mps2=93.59821007
nominal_qp_failures=0
nominal_mean_solve_time_ms=13.28680880
nominal_max_solve_time_ms=52.71030000
nominal_max_look_angle_deg=179.83711606
nominal_fov_limit_deg=Inf
nominal_fov_violation_deg=0.00000000
nominal_mean_xi=0.04162316
nominal_max_prediction_error=0.12387512
nominal_max_terminal_slack= 4.98271870e-08 4.34909988e-01 8.27820110e-02
nominal_final_alpha_hat=1.00000000
nominal_final_beta_hat=1.03862928
stress_impact_satisfied=1
stress_captured=1
stress_final_range_m=2.37295848
stress_impact_time_s=38.60000000
stress_impact_time_error_s=-1.40000000
stress_impact_range_m=2.37295848
stress_impact_heading_deg=29.92116441
stress_impact_heading_error_deg=-0.07883559
stress_final_heading_deg=29.92116441
stress_max_command_mps2=93.60000000
stress_max_acceleration_mps2=93.59736066
stress_qp_failures=0
stress_mean_solve_time_ms=12.67669715
stress_max_solve_time_ms=22.45100000
stress_max_look_angle_deg=46.87753521
stress_fov_limit_deg=Inf
stress_fov_violation_deg=0.00000000
stress_mean_xi=0.44923444
stress_max_prediction_error=0.11445892
stress_max_terminal_slack= 4.97982740e-08 4.34909988e-01 8.26711200e-02
stress_final_alpha_hat=0.96999997
stress_final_beta_hat=1.00645181
comparison_bilinear_koopman_mpc_impact_satisfied=0
comparison_bilinear_koopman_mpc_captured=0
comparison_bilinear_koopman_mpc_final_range_m=3731.37867114
comparison_bilinear_koopman_mpc_impact_time_s=37.60000000
comparison_bilinear_koopman_mpc_impact_time_error_s=-2.40000000
comparison_bilinear_koopman_mpc_impact_range_m=11.59676306
comparison_bilinear_koopman_mpc_impact_heading_deg=29.92039774
comparison_bilinear_koopman_mpc_impact_heading_error_deg=-0.07960226
comparison_bilinear_koopman_mpc_final_heading_deg=29.99294861
comparison_bilinear_koopman_mpc_max_command_mps2=93.60000000
comparison_bilinear_koopman_mpc_max_acceleration_mps2=93.59821007
comparison_bilinear_koopman_mpc_qp_failures=0
comparison_bilinear_koopman_mpc_mean_solve_time_ms=13.28680880
comparison_bilinear_koopman_mpc_max_solve_time_ms=52.71030000
comparison_bilinear_koopman_mpc_max_look_angle_deg=179.83711606
comparison_bilinear_koopman_mpc_fov_limit_deg=Inf
comparison_bilinear_koopman_mpc_fov_violation_deg=0.00000000
comparison_bilinear_koopman_mpc_mean_xi=0.04162316
comparison_bilinear_koopman_mpc_max_prediction_error=0.12387512
comparison_bilinear_koopman_mpc_max_terminal_slack= 4.98271870e-08 4.34909988e-01 8.27820110e-02
comparison_bilinear_koopman_mpc_final_alpha_hat=1.00000000
comparison_bilinear_koopman_mpc_final_beta_hat=1.03862928
