Stationary-target Koopman guidance validation
max_bilinear_consistency_error=2.394466272609e-11
one_step_nrmse= 4.26206238e-06 2.85998375e-06 2.60912399e-09
one_step_rolling_nrmse= 3.20483714e-02 2.16912261e-02 5.35285327e-08
multi_step_nrmse= 2.48015651e-02 1.65831059e-02 7.04826965e-09
bilinear_rolling_nrmse= 4.13177304e-05 3.93918463e-05 5.61724195e-08
one_step_residual95= 2.05168108e-06 1.37096611e-06 2.71166256e-09
tube_bound99_terminal= 7.44824102e-05 7.65961483e-05 2.27959208e-07
terminal_tol= 4.16666667e-04 5.00000000e-04 5.23598776e-02
terminal_tightening= 7.44824102e-05 7.65961483e-05 2.27959208e-07
terminal_tol_tight= 3.42184256e-04 4.23403852e-04 5.23596496e-02
nominal_impact_satisfied=0
nominal_captured=0
nominal_final_range_m=522.71170056
nominal_impact_time_s=40.00000000
nominal_impact_time_error_s=0.00000000
nominal_impact_range_m=77.32450900
nominal_impact_heading_deg=29.51878301
nominal_impact_heading_error_deg=-0.48121699
nominal_final_heading_deg=30.06602804
nominal_max_command_mps2=97.44000000
nominal_max_acceleration_mps2=97.43999971
nominal_qp_failures=2
nominal_mean_solve_time_ms=8.35961048
nominal_max_solve_time_ms=15.64650000
nominal_max_look_angle_deg=71.56305107
nominal_fov_limit_deg=Inf
nominal_fov_violation_deg=0.00000000
nominal_mean_xi=0.00681416
nominal_max_prediction_error=0.13113844
nominal_max_terminal_slack= 6.12114928e-03 6.00517349e-04 4.48994468e-04
nominal_final_alpha_hat=0.99999067
nominal_final_beta_hat=0.85000000
stress_impact_satisfied=0
stress_captured=0
stress_final_range_m=227.30431013
stress_impact_time_s=40.00000000
stress_impact_time_error_s=0.00000000
stress_impact_range_m=355.27822133
stress_impact_heading_deg=29.31809258
stress_impact_heading_error_deg=-0.68190742
stress_final_heading_deg=30.79333932
stress_max_command_mps2=97.44000000
stress_max_acceleration_mps2=97.43999989
stress_qp_failures=18
stress_mean_solve_time_ms=7.83068000
stress_max_solve_time_ms=16.80590000
stress_max_look_angle_deg=70.90797300
stress_fov_limit_deg=Inf
stress_fov_violation_deg=0.00000000
stress_mean_xi=0.03111260
stress_max_prediction_error=0.14741970
stress_max_terminal_slack= 2.91739936e-02 4.60717027e-03 8.02248729e-03
stress_final_alpha_hat=0.96999137
stress_final_beta_hat=0.85000000
comparison_bilinear_koopman_mpc_impact_satisfied=0
comparison_bilinear_koopman_mpc_captured=0
comparison_bilinear_koopman_mpc_final_range_m=522.71170056
comparison_bilinear_koopman_mpc_impact_time_s=40.00000000
comparison_bilinear_koopman_mpc_impact_time_error_s=0.00000000
comparison_bilinear_koopman_mpc_impact_range_m=77.32450900
comparison_bilinear_koopman_mpc_impact_heading_deg=29.51878301
comparison_bilinear_koopman_mpc_impact_heading_error_deg=-0.48121699
comparison_bilinear_koopman_mpc_final_heading_deg=30.06602804
comparison_bilinear_koopman_mpc_max_command_mps2=97.44000000
comparison_bilinear_koopman_mpc_max_acceleration_mps2=97.43999971
comparison_bilinear_koopman_mpc_qp_failures=2
comparison_bilinear_koopman_mpc_mean_solve_time_ms=8.35961048
comparison_bilinear_koopman_mpc_max_solve_time_ms=15.64650000
comparison_bilinear_koopman_mpc_max_look_angle_deg=71.56305107
comparison_bilinear_koopman_mpc_fov_limit_deg=Inf
comparison_bilinear_koopman_mpc_fov_violation_deg=0.00000000
comparison_bilinear_koopman_mpc_mean_xi=0.00681416
comparison_bilinear_koopman_mpc_max_prediction_error=0.13113844
comparison_bilinear_koopman_mpc_max_terminal_slack= 6.12114928e-03 6.00517349e-04 4.48994468e-04
comparison_bilinear_koopman_mpc_final_alpha_hat=0.99999067
comparison_bilinear_koopman_mpc_final_beta_hat=0.85000000
