Stationary-target Koopman guidance validation
max_bilinear_consistency_error=2.394466272609e-11
one_step_nrmse= 4.26206238e-06 2.85998375e-06 2.60912399e-09
one_step_rolling_nrmse= 3.20483714e-02 2.16912261e-02 5.35285327e-08
multi_step_nrmse= 2.48015651e-02 1.65831059e-02 7.04826965e-09
bilinear_rolling_nrmse= 4.13177304e-05 3.93918463e-05 5.61724195e-08
one_step_residual95= 2.05168108e-06 1.37096611e-06 2.71166256e-09
tube_bound99_terminal= 7.44824102e-05 7.65961483e-05 2.27959208e-07
terminal_tol= 4.16666667e-04 5.00000000e-04 5.23598776e-02
terminal_tightening= 7.44824102e-05 7.65961483e-05 2.27959208e-07
terminal_tol_tight= 3.42184256e-04 4.23403852e-04 5.23596496e-02
nominal_impact_satisfied=0
nominal_captured=0
nominal_final_range_m=658.77658234
nominal_impact_time_s=40.00000000
nominal_impact_time_error_s=0.00000000
nominal_impact_range_m=58.80418654
nominal_impact_heading_deg=31.81341659
nominal_impact_heading_error_deg=1.81341659
nominal_final_heading_deg=32.84747486
nominal_max_command_mps2=97.44000000
nominal_max_acceleration_mps2=97.43989403
nominal_qp_failures=6
nominal_mean_solve_time_ms=7.50761524
nominal_max_solve_time_ms=314.84770000
nominal_max_look_angle_deg=60.51622603
nominal_fov_limit_deg=Inf
nominal_fov_violation_deg=0.00000000
nominal_mean_xi=0.06995203
nominal_max_prediction_error=0.12295059
nominal_max_terminal_slack= 4.50198802e-03 1.92979182e-04 3.04068853e-04
nominal_final_alpha_hat=0.99999568
nominal_final_beta_hat=0.85000000
stress_impact_satisfied=0
stress_captured=0
stress_final_range_m=342.70934528
stress_impact_time_s=40.00000000
stress_impact_time_error_s=0.00000000
stress_impact_range_m=239.27642336
stress_impact_heading_deg=29.66783869
stress_impact_heading_error_deg=-0.33216131
stress_final_heading_deg=28.33123610
stress_max_command_mps2=97.44000000
stress_max_acceleration_mps2=97.43996026
stress_qp_failures=13
stress_mean_solve_time_ms=6.42485929
stress_max_solve_time_ms=14.12410000
stress_max_look_angle_deg=59.83337289
stress_fov_limit_deg=Inf
stress_fov_violation_deg=0.00000000
stress_mean_xi=0.01919909
stress_max_prediction_error=0.14663069
stress_max_terminal_slack= 1.96039473e-02 4.09162672e-04 2.08178081e-03
stress_final_alpha_hat=0.96999464
stress_final_beta_hat=0.85000000
comparison_bilinear_koopman_mpc_impact_satisfied=0
comparison_bilinear_koopman_mpc_captured=0
comparison_bilinear_koopman_mpc_final_range_m=658.77658234
comparison_bilinear_koopman_mpc_impact_time_s=40.00000000
comparison_bilinear_koopman_mpc_impact_time_error_s=0.00000000
comparison_bilinear_koopman_mpc_impact_range_m=58.80418654
comparison_bilinear_koopman_mpc_impact_heading_deg=31.81341659
comparison_bilinear_koopman_mpc_impact_heading_error_deg=1.81341659
comparison_bilinear_koopman_mpc_final_heading_deg=32.84747486
comparison_bilinear_koopman_mpc_max_command_mps2=97.44000000
comparison_bilinear_koopman_mpc_max_acceleration_mps2=97.43989403
comparison_bilinear_koopman_mpc_qp_failures=6
comparison_bilinear_koopman_mpc_mean_solve_time_ms=7.50761524
comparison_bilinear_koopman_mpc_max_solve_time_ms=314.84770000
comparison_bilinear_koopman_mpc_max_look_angle_deg=60.51622603
comparison_bilinear_koopman_mpc_fov_limit_deg=Inf
comparison_bilinear_koopman_mpc_fov_violation_deg=0.00000000
comparison_bilinear_koopman_mpc_mean_xi=0.06995203
comparison_bilinear_koopman_mpc_max_prediction_error=0.12295059
comparison_bilinear_koopman_mpc_max_terminal_slack= 4.50198802e-03 1.92979182e-04 3.04068853e-04
comparison_bilinear_koopman_mpc_final_alpha_hat=0.99999568
comparison_bilinear_koopman_mpc_final_beta_hat=0.85000000
