Stationary-target Koopman guidance validation
max_bilinear_consistency_error=2.394466272609e-11
one_step_nrmse= 1.75965741e-06 4.33457431e-06 2.21199498e-01
one_step_rolling_nrmse= 7.97997769e-03 1.85936663e-02 6.62175891e-01
multi_step_nrmse= 5.45502380e-03 1.38559088e-02 7.24326778e-01
bilinear_rolling_nrmse= 1.90221214e-05 2.40070343e-05 6.93766523e-01
one_step_residual95= 7.18134533e-07 2.73820903e-06 1.54952392e-02
tube_bound99_terminal= 4.24657914e-05 4.73093321e-05 2.03397765e+00
terminal_tol= 4.16666667e-04 5.00000000e-04 5.23598776e-02
terminal_tightening= 4.24657914e-05 4.73093321e-05 4.18879020e-02
terminal_tol_tight= 3.74200875e-04 4.52690668e-04 1.04719755e-02
nominal_impact_satisfied=0
nominal_captured=0
nominal_final_range_m=14648.48473117
nominal_impact_time_s=27.10000000
nominal_impact_time_error_s=-12.90000000
nominal_impact_range_m=4829.56091103
nominal_impact_heading_deg=42.76946124
nominal_impact_heading_error_deg=-47.23053876
nominal_final_heading_deg=49.26617502
nominal_max_command_mps2=65.43460996
nominal_max_acceleration_mps2=65.10560932
nominal_qp_failures=9
nominal_mean_solve_time_ms=17.81593786
nominal_max_solve_time_ms=40.66040000
nominal_max_look_angle_deg=130.47739528
nominal_fov_limit_deg=Inf
nominal_fov_violation_deg=0.00000000
nominal_mean_xi=0.55706574
nominal_max_prediction_error=0.32463195
nominal_max_terminal_slack= 4.98756017e-08 8.99691134e-01 1.20461084e+00
nominal_final_alpha_hat=1.00024889
nominal_final_beta_hat=0.96734621
stress_impact_satisfied=0
stress_captured=0
stress_final_range_m=14298.81221093
stress_impact_time_s=28.00000000
stress_impact_time_error_s=-12.00000000
stress_impact_range_m=5000.16261555
stress_impact_heading_deg=42.06023261
stress_impact_heading_error_deg=-47.93976739
stress_final_heading_deg=49.99475868
stress_max_command_mps2=65.45888113
stress_max_acceleration_mps2=65.13092001
stress_qp_failures=3
stress_mean_solve_time_ms=17.40138200
stress_max_solve_time_ms=51.25810000
stress_max_look_angle_deg=127.52228781
stress_fov_limit_deg=Inf
stress_fov_violation_deg=0.00000000
stress_mean_xi=0.58196477
stress_max_prediction_error=0.32069200
stress_max_terminal_slack= 4.98672429e-08 8.99691134e-01 1.20461084e+00
stress_final_alpha_hat=0.96994010
stress_final_beta_hat=0.98943731
comparison_bilinear_koopman_mpc_impact_satisfied=0
comparison_bilinear_koopman_mpc_captured=0
comparison_bilinear_koopman_mpc_final_range_m=14648.48473117
comparison_bilinear_koopman_mpc_impact_time_s=27.10000000
comparison_bilinear_koopman_mpc_impact_time_error_s=-12.90000000
comparison_bilinear_koopman_mpc_impact_range_m=4829.56091103
comparison_bilinear_koopman_mpc_impact_heading_deg=42.76946124
comparison_bilinear_koopman_mpc_impact_heading_error_deg=-47.23053876
comparison_bilinear_koopman_mpc_final_heading_deg=49.26617502
comparison_bilinear_koopman_mpc_max_command_mps2=65.43460996
comparison_bilinear_koopman_mpc_max_acceleration_mps2=65.10560932
comparison_bilinear_koopman_mpc_qp_failures=9
comparison_bilinear_koopman_mpc_mean_solve_time_ms=17.81593786
comparison_bilinear_koopman_mpc_max_solve_time_ms=40.66040000
comparison_bilinear_koopman_mpc_max_look_angle_deg=130.47739528
comparison_bilinear_koopman_mpc_fov_limit_deg=Inf
comparison_bilinear_koopman_mpc_fov_violation_deg=0.00000000
comparison_bilinear_koopman_mpc_mean_xi=0.55706574
comparison_bilinear_koopman_mpc_max_prediction_error=0.32463195
comparison_bilinear_koopman_mpc_max_terminal_slack= 4.98756017e-08 8.99691134e-01 1.20461084e+00
comparison_bilinear_koopman_mpc_final_alpha_hat=1.00024889
comparison_bilinear_koopman_mpc_final_beta_hat=0.96734621
