Stationary-target Koopman guidance validation
max_bilinear_consistency_error=2.394466272609e-11
one_step_nrmse= 4.26206238e-06 2.85998375e-06 2.60912399e-09
one_step_rolling_nrmse= 3.20483714e-02 2.16912261e-02 5.35285327e-08
multi_step_nrmse= 2.48015651e-02 1.65831059e-02 7.04826965e-09
bilinear_rolling_nrmse= 4.13177304e-05 3.93918463e-05 5.61724195e-08
one_step_residual95= 2.05168108e-06 1.37096611e-06 2.71166256e-09
tube_bound99_terminal= 7.44824102e-05 7.65961483e-05 2.27959208e-07
terminal_tol= 4.16666667e-04 5.00000000e-04 5.23598776e-02
terminal_tightening= 7.44824102e-05 7.65961483e-05 2.27959208e-07
terminal_tol_tight= 3.42184256e-04 4.23403852e-04 5.23596496e-02
nominal_impact_satisfied=0
nominal_captured=0
nominal_final_range_m=506.97031777
nominal_impact_time_s=40.00000000
nominal_impact_time_error_s=0.00000000
nominal_impact_range_m=93.12485346
nominal_impact_heading_deg=28.66073778
nominal_impact_heading_error_deg=-1.33926222
nominal_final_heading_deg=29.98982168
nominal_max_command_mps2=93.60000000
nominal_max_acceleration_mps2=93.59999999
nominal_qp_failures=0
nominal_mean_solve_time_ms=5.82947571
nominal_max_solve_time_ms=141.06030000
nominal_max_look_angle_deg=73.68067085
nominal_fov_limit_deg=Inf
nominal_fov_violation_deg=0.00000000
nominal_mean_xi=0.01915061
nominal_max_prediction_error=0.12542919
nominal_max_terminal_slack= 7.40460830e-03 1.87054598e-03 1.08222053e-03
nominal_final_alpha_hat=0.99999346
nominal_final_beta_hat=0.85000000
stress_impact_satisfied=0
stress_captured=0
stress_final_range_m=223.36224302
stress_impact_time_s=40.00000000
stress_impact_time_error_s=0.00000000
stress_impact_range_m=366.59850329
stress_impact_heading_deg=29.99957683
stress_impact_heading_error_deg=-0.00042317
stress_final_heading_deg=36.21689531
stress_max_command_mps2=93.60000000
stress_max_acceleration_mps2=93.59999999
stress_qp_failures=9
stress_mean_solve_time_ms=5.26975929
stress_max_solve_time_ms=10.92430000
stress_max_look_angle_deg=73.16125935
stress_fov_limit_deg=Inf
stress_fov_violation_deg=0.00000000
stress_mean_xi=0.05317152
stress_max_prediction_error=0.13909613
stress_max_terminal_slack= 3.01450383e-02 9.88210839e-03 9.64516122e-03
stress_final_alpha_hat=0.97004579
stress_final_beta_hat=0.85000000
comparison_bilinear_koopman_mpc_impact_satisfied=0
comparison_bilinear_koopman_mpc_captured=0
comparison_bilinear_koopman_mpc_final_range_m=506.97031777
comparison_bilinear_koopman_mpc_impact_time_s=40.00000000
comparison_bilinear_koopman_mpc_impact_time_error_s=0.00000000
comparison_bilinear_koopman_mpc_impact_range_m=93.12485346
comparison_bilinear_koopman_mpc_impact_heading_deg=28.66073778
comparison_bilinear_koopman_mpc_impact_heading_error_deg=-1.33926222
comparison_bilinear_koopman_mpc_final_heading_deg=29.98982168
comparison_bilinear_koopman_mpc_max_command_mps2=93.60000000
comparison_bilinear_koopman_mpc_max_acceleration_mps2=93.59999999
comparison_bilinear_koopman_mpc_qp_failures=0
comparison_bilinear_koopman_mpc_mean_solve_time_ms=5.82947571
comparison_bilinear_koopman_mpc_max_solve_time_ms=141.06030000
comparison_bilinear_koopman_mpc_max_look_angle_deg=73.68067085
comparison_bilinear_koopman_mpc_fov_limit_deg=Inf
comparison_bilinear_koopman_mpc_fov_violation_deg=0.00000000
comparison_bilinear_koopman_mpc_mean_xi=0.01915061
comparison_bilinear_koopman_mpc_max_prediction_error=0.12542919
comparison_bilinear_koopman_mpc_max_terminal_slack= 7.40460830e-03 1.87054598e-03 1.08222053e-03
comparison_bilinear_koopman_mpc_final_alpha_hat=0.99999346
comparison_bilinear_koopman_mpc_final_beta_hat=0.85000000
