Stationary-target Koopman guidance validation
max_bilinear_consistency_error=2.394466272609e-11
one_step_nrmse= 3.05075296e-06 2.08027560e-06 1.21537149e-09
one_step_rolling_nrmse= 2.66502498e-02 2.02738478e-02 3.94301348e-08
multi_step_nrmse= 2.17103725e-02 1.43967659e-02 5.42267742e-09
bilinear_rolling_nrmse= 3.98052894e-05 3.52503564e-05 4.16130464e-08
one_step_residual95= 1.65033125e-06 1.06717301e-06 1.00055381e-09
tube_bound99_terminal= 7.17126450e-05 6.45670480e-05 1.05826686e-07
terminal_tol= 4.16666667e-04 5.00000000e-04 5.23598776e-02
terminal_tightening= 7.17126450e-05 6.45670480e-05 1.05826686e-07
terminal_tol_tight= 3.44954022e-04 4.35432952e-04 5.23597717e-02
nominal_impact_satisfied=0
nominal_captured=0
nominal_final_range_m=671.79518496
nominal_impact_time_s=40.00000000
nominal_impact_time_error_s=0.00000000
nominal_impact_range_m=72.06773881
nominal_impact_heading_deg=31.61667959
nominal_impact_heading_error_deg=1.61667959
nominal_final_heading_deg=33.18338487
nominal_max_command_mps2=97.44000000
nominal_max_acceleration_mps2=97.43996026
nominal_qp_failures=17
nominal_mean_solve_time_ms=9.50518714
nominal_max_solve_time_ms=19.49860000
nominal_max_look_angle_deg=60.48471201
nominal_fov_limit_deg=Inf
nominal_fov_violation_deg=0.00000000
nominal_mean_xi=0.63007436
nominal_max_prediction_error=0.02907685
nominal_max_terminal_slack= 5.94754364e-03 5.34920673e-04 1.61918491e-03
nominal_final_alpha_hat=1.00000000
nominal_final_beta_hat=1.00000000
stress_impact_satisfied=0
stress_captured=0
stress_final_range_m=394.48475895
stress_impact_time_s=40.00000000
stress_impact_time_error_s=0.00000000
stress_impact_range_m=187.52848631
stress_impact_heading_deg=30.12608162
stress_impact_heading_error_deg=0.12608162
stress_final_heading_deg=26.84200313
stress_max_command_mps2=97.44000000
stress_max_acceleration_mps2=97.43996026
stress_qp_failures=23
stress_mean_solve_time_ms=9.24190381
stress_max_solve_time_ms=26.45160000
stress_max_look_angle_deg=59.65300003
stress_fov_limit_deg=Inf
stress_fov_violation_deg=0.00000000
stress_mean_xi=0.92376769
stress_max_prediction_error=0.05302369
stress_max_terminal_slack= 1.48316078e-02 2.53635838e-04 8.39012330e-04
stress_final_alpha_hat=1.00000000
stress_final_beta_hat=1.00000000
comparison_bilinear_koopman_mpc_impact_satisfied=0
comparison_bilinear_koopman_mpc_captured=0
comparison_bilinear_koopman_mpc_final_range_m=671.79518496
comparison_bilinear_koopman_mpc_impact_time_s=40.00000000
comparison_bilinear_koopman_mpc_impact_time_error_s=0.00000000
comparison_bilinear_koopman_mpc_impact_range_m=72.06773881
comparison_bilinear_koopman_mpc_impact_heading_deg=31.61667959
comparison_bilinear_koopman_mpc_impact_heading_error_deg=1.61667959
comparison_bilinear_koopman_mpc_final_heading_deg=33.18338487
comparison_bilinear_koopman_mpc_max_command_mps2=97.44000000
comparison_bilinear_koopman_mpc_max_acceleration_mps2=97.43996026
comparison_bilinear_koopman_mpc_qp_failures=17
comparison_bilinear_koopman_mpc_mean_solve_time_ms=9.50518714
comparison_bilinear_koopman_mpc_max_solve_time_ms=19.49860000
comparison_bilinear_koopman_mpc_max_look_angle_deg=60.48471201
comparison_bilinear_koopman_mpc_fov_limit_deg=Inf
comparison_bilinear_koopman_mpc_fov_violation_deg=0.00000000
comparison_bilinear_koopman_mpc_mean_xi=0.63007436
comparison_bilinear_koopman_mpc_max_prediction_error=0.02907685
comparison_bilinear_koopman_mpc_max_terminal_slack= 5.94754364e-03 5.34920673e-04 1.61918491e-03
comparison_bilinear_koopman_mpc_final_alpha_hat=1.00000000
comparison_bilinear_koopman_mpc_final_beta_hat=1.00000000
