Stationary-target Koopman guidance validation
max_bilinear_consistency_error=2.394466272609e-11
one_step_nrmse= 3.75296640e-06 2.78970863e-06 3.15471740e-09
one_step_rolling_nrmse= 1.56771267e-02 1.25889323e-02 6.65968230e-08
multi_step_nrmse= 1.19240501e-02 9.14863918e-03 1.20003388e-08
bilinear_rolling_nrmse= 2.32283511e-05 1.93657653e-05 7.75580594e-08
one_step_residual95= 1.98063319e-06 1.37087823e-06 3.60302940e-09
tube_bound99_terminal= 4.82280773e-05 3.78212430e-05 3.81635266e-07
terminal_tol= 4.16666667e-04 5.00000000e-04 5.23598776e-02
terminal_tightening= 4.82280773e-05 3.78212430e-05 3.81635266e-07
terminal_tol_tight= 3.68438589e-04 4.62178757e-04 5.23594959e-02
nominal_impact_satisfied=0
nominal_captured=0
nominal_final_range_m=3799.52069483
nominal_impact_time_s=37.30000000
nominal_impact_time_error_s=-2.70000000
nominal_impact_range_m=10.75495107
nominal_impact_heading_deg=29.91366331
nominal_impact_heading_error_deg=-0.08633669
nominal_final_heading_deg=29.99278117
nominal_max_command_mps2=93.60000000
nominal_max_acceleration_mps2=93.59979980
nominal_max_command_delta_mps2=16.40153872
nominal_max_acceleration_delta_mps2=14.14189869
nominal_qp_failures=0
nominal_mean_solve_time_ms=14.16977580
nominal_max_solve_time_ms=48.15010000
nominal_max_look_angle_deg=179.84276796
nominal_fov_limit_deg=Inf
nominal_fov_violation_deg=0.00000000
nominal_mean_xi=0.02574608
nominal_max_prediction_error=0.11640698
nominal_max_terminal_slack= 4.98814451e-08 4.35216315e-01 8.67146175e-02
nominal_final_alpha_hat=1.00000000
nominal_final_beta_hat=1.03937576
stress_impact_satisfied=0
stress_captured=0
stress_final_range_m=3161.34079417
stress_impact_time_s=39.10000000
stress_impact_time_error_s=-0.90000000
stress_impact_range_m=10.70668362
stress_impact_heading_deg=29.93742366
stress_impact_heading_error_deg=-0.06257634
stress_final_heading_deg=29.99174703
stress_max_command_mps2=93.60000000
stress_max_acceleration_mps2=93.59990486
stress_max_command_delta_mps2=16.56719141
stress_max_acceleration_delta_mps2=14.49500575
stress_qp_failures=0
stress_mean_solve_time_ms=13.18601280
stress_max_solve_time_ms=33.92380000
stress_max_look_angle_deg=49.60090588
stress_fov_limit_deg=Inf
stress_fov_violation_deg=0.00000000
stress_mean_xi=0.31184084
stress_max_prediction_error=0.10060301
stress_max_terminal_slack= 4.92671863e-08 4.35216315e-01 8.18952673e-02
stress_final_alpha_hat=0.97000000
stress_final_beta_hat=1.00788605
comparison_bilinear_koopman_mpc_impact_satisfied=0
comparison_bilinear_koopman_mpc_captured=0
comparison_bilinear_koopman_mpc_final_range_m=3799.52069483
comparison_bilinear_koopman_mpc_impact_time_s=37.30000000
comparison_bilinear_koopman_mpc_impact_time_error_s=-2.70000000
comparison_bilinear_koopman_mpc_impact_range_m=10.75495107
comparison_bilinear_koopman_mpc_impact_heading_deg=29.91366331
comparison_bilinear_koopman_mpc_impact_heading_error_deg=-0.08633669
comparison_bilinear_koopman_mpc_final_heading_deg=29.99278117
comparison_bilinear_koopman_mpc_max_command_mps2=93.60000000
comparison_bilinear_koopman_mpc_max_acceleration_mps2=93.59979980
comparison_bilinear_koopman_mpc_max_command_delta_mps2=16.40153872
comparison_bilinear_koopman_mpc_max_acceleration_delta_mps2=14.14189869
comparison_bilinear_koopman_mpc_qp_failures=0
comparison_bilinear_koopman_mpc_mean_solve_time_ms=14.16977580
comparison_bilinear_koopman_mpc_max_solve_time_ms=48.15010000
comparison_bilinear_koopman_mpc_max_look_angle_deg=179.84276796
comparison_bilinear_koopman_mpc_fov_limit_deg=Inf
comparison_bilinear_koopman_mpc_fov_violation_deg=0.00000000
comparison_bilinear_koopman_mpc_mean_xi=0.02574608
comparison_bilinear_koopman_mpc_max_prediction_error=0.11640698
comparison_bilinear_koopman_mpc_max_terminal_slack= 4.98814451e-08 4.35216315e-01 8.67146175e-02
comparison_bilinear_koopman_mpc_final_alpha_hat=1.00000000
comparison_bilinear_koopman_mpc_final_beta_hat=1.03937576
