Stationary-target Koopman guidance validation
max_bilinear_consistency_error=2.394466272609e-11
one_step_nrmse= 4.26205843e-06 2.85998375e-06 2.60912144e-09
one_step_rolling_nrmse= 3.20483714e-02 2.16912261e-02 5.35284875e-08
multi_step_nrmse= 2.48015651e-02 1.65831059e-02 7.04827189e-09
bilinear_rolling_nrmse= 4.13180464e-05 3.93918463e-05 5.61723684e-08
one_step_residual95= 2.03642340e-06 1.37096610e-06 2.71165992e-09
tube_bound99_terminal= 7.39279031e-05 7.65961484e-05 2.27958939e-07
terminal_tol= 4.13564930e-04 5.00000000e-04 5.23598776e-02
terminal_tightening= 7.39279031e-05 7.65961484e-05 2.27958939e-07
terminal_tol_tight= 3.39637027e-04 4.23403852e-04 5.23596496e-02
nominal_impact_satisfied=0
nominal_captured=0
nominal_final_range_m=631.27829538
nominal_impact_time_s=40.30000000
nominal_impact_time_error_s=0.00000000
nominal_impact_range_m=75.33306388
nominal_impact_heading_deg=32.88486995
nominal_impact_heading_error_deg=2.88486995
nominal_final_heading_deg=33.29096147
nominal_max_command_mps2=93.60000000
nominal_max_acceleration_mps2=93.60000000
nominal_qp_failures=1
nominal_mean_solve_time_ms=4.68383570
nominal_max_solve_time_ms=18.84790000
nominal_max_look_angle_deg=78.48520720
nominal_fov_limit_deg=Inf
nominal_fov_violation_deg=0.00000000
nominal_mean_xi=0.02625818
nominal_max_prediction_error=0.12002281
nominal_max_terminal_slack= 1.55545103e-03 7.28321725e-03 6.86218552e-04
nominal_final_alpha_hat=0.99998467
nominal_final_beta_hat=0.85000000
stress_impact_satisfied=0
stress_captured=0
stress_final_range_m=361.33684877
stress_impact_time_s=40.30000000
stress_impact_time_error_s=0.00000000
stress_impact_range_m=237.38072541
stress_impact_heading_deg=29.85782269
stress_impact_heading_error_deg=-0.14217731
stress_final_heading_deg=34.11866487
stress_max_command_mps2=93.60000000
stress_max_acceleration_mps2=93.60000000
stress_qp_failures=6
stress_mean_solve_time_ms=4.74277400
stress_max_solve_time_ms=10.18140000
stress_max_look_angle_deg=77.84528060
stress_fov_limit_deg=Inf
stress_fov_violation_deg=0.00000000
stress_mean_xi=0.03956847
stress_max_prediction_error=0.13745291
stress_max_terminal_slack= 1.86707870e-02 1.65203000e-02 7.58798317e-03
stress_final_alpha_hat=0.97001749
stress_final_beta_hat=0.85000000
comparison_bilinear_koopman_mpc_impact_satisfied=0
comparison_bilinear_koopman_mpc_captured=0
comparison_bilinear_koopman_mpc_final_range_m=631.27829538
comparison_bilinear_koopman_mpc_impact_time_s=40.30000000
comparison_bilinear_koopman_mpc_impact_time_error_s=0.00000000
comparison_bilinear_koopman_mpc_impact_range_m=75.33306388
comparison_bilinear_koopman_mpc_impact_heading_deg=32.88486995
comparison_bilinear_koopman_mpc_impact_heading_error_deg=2.88486995
comparison_bilinear_koopman_mpc_final_heading_deg=33.29096147
comparison_bilinear_koopman_mpc_max_command_mps2=93.60000000
comparison_bilinear_koopman_mpc_max_acceleration_mps2=93.60000000
comparison_bilinear_koopman_mpc_qp_failures=1
comparison_bilinear_koopman_mpc_mean_solve_time_ms=4.68383570
comparison_bilinear_koopman_mpc_max_solve_time_ms=18.84790000
comparison_bilinear_koopman_mpc_max_look_angle_deg=78.48520720
comparison_bilinear_koopman_mpc_fov_limit_deg=Inf
comparison_bilinear_koopman_mpc_fov_violation_deg=0.00000000
comparison_bilinear_koopman_mpc_mean_xi=0.02625818
comparison_bilinear_koopman_mpc_max_prediction_error=0.12002281
comparison_bilinear_koopman_mpc_max_terminal_slack= 1.55545103e-03 7.28321725e-03 6.86218552e-04
comparison_bilinear_koopman_mpc_final_alpha_hat=0.99998467
comparison_bilinear_koopman_mpc_final_beta_hat=0.85000000
