Stationary-target Koopman guidance validation
max_bilinear_consistency_error=2.394466272609e-11
one_step_nrmse= 2.69169800e-06 4.09473090e-06 5.40152779e-09
one_step_rolling_nrmse= 1.11795254e-02 1.77532482e-02 1.28738012e-07
multi_step_nrmse= 8.44770726e-03 1.32723969e-02 2.71074829e-08
bilinear_rolling_nrmse= 2.10898259e-05 2.25012689e-05 1.35436294e-07
one_step_residual95= 1.21112571e-06 2.25903169e-06 6.19150271e-09
tube_bound99_terminal= 4.51614355e-05 4.20659209e-05 5.47800184e-07
terminal_tol= 4.16666667e-04 5.00000000e-04 5.23598776e-02
terminal_tightening= 4.51614355e-05 4.20659209e-05 5.47800184e-07
terminal_tol_tight= 3.71505231e-04 4.57934079e-04 5.23593298e-02
nominal_impact_satisfied=0
nominal_captured=0
nominal_final_range_m=11319.47711715
nominal_impact_time_s=33.30000000
nominal_impact_time_error_s=-6.70000000
nominal_impact_range_m=635.61219968
nominal_impact_heading_deg=13.53369159
nominal_impact_heading_error_deg=-46.46630841
nominal_final_heading_deg=60.00075336
nominal_max_command_mps2=69.69541513
nominal_max_acceleration_mps2=69.54869492
nominal_qp_failures=0
nominal_mean_solve_time_ms=14.37286286
nominal_max_solve_time_ms=71.04550000
nominal_max_look_angle_deg=179.91552072
nominal_fov_limit_deg=Inf
nominal_fov_violation_deg=0.00000000
nominal_mean_xi=0.01119082
nominal_max_prediction_error=0.03213376
nominal_max_terminal_slack= 4.98607034e-08 7.67840433e-01 7.01770273e-01
nominal_final_alpha_hat=1.00000000
nominal_final_beta_hat=1.04114473
stress_impact_satisfied=0
stress_captured=0
stress_final_range_m=10797.06273648
stress_impact_time_s=34.30000000
stress_impact_time_error_s=-5.70000000
stress_impact_range_m=836.01414456
stress_impact_heading_deg=12.15872182
stress_impact_heading_error_deg=-47.84127818
stress_final_heading_deg=60.00190717
stress_max_command_mps2=69.78435918
stress_max_acceleration_mps2=69.64144407
stress_qp_failures=0
stress_mean_solve_time_ms=13.95995329
stress_max_solve_time_ms=29.46260000
stress_max_look_angle_deg=179.63681517
stress_fov_limit_deg=Inf
stress_fov_violation_deg=0.00000000
stress_mean_xi=0.02868055
stress_max_prediction_error=0.03735345
stress_max_terminal_slack= 4.99240897e-08 7.67840433e-01 7.01770273e-01
stress_final_alpha_hat=0.97000000
stress_final_beta_hat=1.01641389
comparison_bilinear_koopman_mpc_impact_satisfied=0
comparison_bilinear_koopman_mpc_captured=0
comparison_bilinear_koopman_mpc_final_range_m=11319.47711715
comparison_bilinear_koopman_mpc_impact_time_s=33.30000000
comparison_bilinear_koopman_mpc_impact_time_error_s=-6.70000000
comparison_bilinear_koopman_mpc_impact_range_m=635.61219968
comparison_bilinear_koopman_mpc_impact_heading_deg=13.53369159
comparison_bilinear_koopman_mpc_impact_heading_error_deg=-46.46630841
comparison_bilinear_koopman_mpc_final_heading_deg=60.00075336
comparison_bilinear_koopman_mpc_max_command_mps2=69.69541513
comparison_bilinear_koopman_mpc_max_acceleration_mps2=69.54869492
comparison_bilinear_koopman_mpc_qp_failures=0
comparison_bilinear_koopman_mpc_mean_solve_time_ms=14.37286286
comparison_bilinear_koopman_mpc_max_solve_time_ms=71.04550000
comparison_bilinear_koopman_mpc_max_look_angle_deg=179.91552072
comparison_bilinear_koopman_mpc_fov_limit_deg=Inf
comparison_bilinear_koopman_mpc_fov_violation_deg=0.00000000
comparison_bilinear_koopman_mpc_mean_xi=0.01119082
comparison_bilinear_koopman_mpc_max_prediction_error=0.03213376
comparison_bilinear_koopman_mpc_max_terminal_slack= 4.98607034e-08 7.67840433e-01 7.01770273e-01
comparison_bilinear_koopman_mpc_final_alpha_hat=1.00000000
comparison_bilinear_koopman_mpc_final_beta_hat=1.04114473
