Stationary-target Koopman guidance validation
max_bilinear_consistency_error=2.394466272609e-11
one_step_nrmse= 1.75965741e-06 4.33457431e-06 2.21199498e-01
one_step_rolling_nrmse= 7.97997769e-03 1.85936663e-02 6.62175891e-01
multi_step_nrmse= 5.45502380e-03 1.38559088e-02 7.24326778e-01
bilinear_rolling_nrmse= 1.90221214e-05 2.40070343e-05 6.93766523e-01
one_step_residual95= 7.18134533e-07 2.73820903e-06 1.54952392e-02
tube_bound99_terminal= 4.24657914e-05 4.73093321e-05 2.03397765e+00
terminal_tol= 4.16666667e-04 5.00000000e-04 5.23598776e-02
terminal_tightening= 4.24657914e-05 4.73093321e-05 4.18879020e-02
terminal_tol_tight= 3.74200875e-04 4.52690668e-04 1.04719755e-02
nominal_impact_satisfied=0
nominal_captured=0
nominal_final_range_m=15382.68940357
nominal_impact_time_s=25.90000000
nominal_impact_time_error_s=-14.10000000
nominal_impact_range_m=5524.47810612
nominal_impact_heading_deg=40.06104697
nominal_impact_heading_error_deg=-49.93895303
nominal_final_heading_deg=52.92493267
nominal_max_command_mps2=93.60000000
nominal_max_acceleration_mps2=93.59998677
nominal_qp_failures=6
nominal_mean_solve_time_ms=5.18078971
nominal_max_solve_time_ms=9.36450000
nominal_max_look_angle_deg=133.55456053
nominal_fov_limit_deg=Inf
nominal_fov_violation_deg=0.00000000
nominal_mean_xi=0.76563178
nominal_max_prediction_error=0.44437782
nominal_max_terminal_slack= 4.99820596e-08 9.12482931e-01 7.48833502e-01
nominal_final_alpha_hat=1.00001666
nominal_final_beta_hat=0.85000000
stress_impact_satisfied=0
stress_captured=0
stress_final_range_m=14966.61187464
stress_impact_time_s=26.10000000
stress_impact_time_error_s=-13.90000000
stress_impact_range_m=5718.78473402
stress_impact_heading_deg=41.85681378
stress_impact_heading_error_deg=-48.14318622
stress_final_heading_deg=48.94356276
stress_max_command_mps2=93.60000000
stress_max_acceleration_mps2=93.59999773
stress_qp_failures=18
stress_mean_solve_time_ms=5.00954071
stress_max_solve_time_ms=13.55090000
stress_max_look_angle_deg=130.15643932
stress_fov_limit_deg=Inf
stress_fov_violation_deg=0.00000000
stress_mean_xi=0.72387283
stress_max_prediction_error=0.34806535
stress_max_terminal_slack= 4.99327653e-08 9.12482931e-01 7.71592383e-01
stress_final_alpha_hat=0.97037478
stress_final_beta_hat=0.85000000
comparison_bilinear_koopman_mpc_impact_satisfied=0
comparison_bilinear_koopman_mpc_captured=0
comparison_bilinear_koopman_mpc_final_range_m=15382.68940357
comparison_bilinear_koopman_mpc_impact_time_s=25.90000000
comparison_bilinear_koopman_mpc_impact_time_error_s=-14.10000000
comparison_bilinear_koopman_mpc_impact_range_m=5524.47810612
comparison_bilinear_koopman_mpc_impact_heading_deg=40.06104697
comparison_bilinear_koopman_mpc_impact_heading_error_deg=-49.93895303
comparison_bilinear_koopman_mpc_final_heading_deg=52.92493267
comparison_bilinear_koopman_mpc_max_command_mps2=93.60000000
comparison_bilinear_koopman_mpc_max_acceleration_mps2=93.59998677
comparison_bilinear_koopman_mpc_qp_failures=6
comparison_bilinear_koopman_mpc_mean_solve_time_ms=5.18078971
comparison_bilinear_koopman_mpc_max_solve_time_ms=9.36450000
comparison_bilinear_koopman_mpc_max_look_angle_deg=133.55456053
comparison_bilinear_koopman_mpc_fov_limit_deg=Inf
comparison_bilinear_koopman_mpc_fov_violation_deg=0.00000000
comparison_bilinear_koopman_mpc_mean_xi=0.76563178
comparison_bilinear_koopman_mpc_max_prediction_error=0.44437782
comparison_bilinear_koopman_mpc_max_terminal_slack= 4.99820596e-08 9.12482931e-01 7.48833502e-01
comparison_bilinear_koopman_mpc_final_alpha_hat=1.00001666
comparison_bilinear_koopman_mpc_final_beta_hat=0.85000000
