Stationary-target Koopman guidance validation
max_bilinear_consistency_error=2.394466272609e-11
one_step_nrmse= 4.26206238e-06 2.85998375e-06 2.60912399e-09
one_step_rolling_nrmse= 3.20483714e-02 2.16912261e-02 5.35285327e-08
multi_step_nrmse= 2.48015651e-02 1.65831059e-02 7.04826965e-09
bilinear_rolling_nrmse= 4.13177304e-05 3.93918463e-05 5.61724195e-08
one_step_residual95= 2.05168108e-06 1.37096611e-06 2.71166256e-09
tube_bound99_terminal= 7.44824102e-05 7.65961483e-05 2.27959208e-07
terminal_tol= 4.16666667e-04 5.00000000e-04 5.23598776e-02
terminal_tightening= 7.44824102e-05 7.65961483e-05 2.27959208e-07
terminal_tol_tight= 3.42184256e-04 4.23403852e-04 5.23596496e-02
nominal_impact_satisfied=0
nominal_captured=0
nominal_final_range_m=665.01406319
nominal_impact_time_s=40.00000000
nominal_impact_time_error_s=0.00000000
nominal_impact_range_m=65.31149353
nominal_impact_heading_deg=29.99632385
nominal_impact_heading_error_deg=-0.00367615
nominal_final_heading_deg=32.95167871
nominal_max_command_mps2=97.44000000
nominal_max_acceleration_mps2=97.43989403
nominal_qp_failures=7
nominal_mean_solve_time_ms=7.66000357
nominal_max_solve_time_ms=29.04570000
nominal_max_look_angle_deg=59.97891675
nominal_fov_limit_deg=Inf
nominal_fov_violation_deg=0.00000000
nominal_mean_xi=0.52941839
nominal_max_prediction_error=0.02664607
nominal_max_terminal_slack= 5.14352626e-03 3.18714770e-04 5.88473466e-04
nominal_final_alpha_hat=1.00000000
nominal_final_beta_hat=1.00000000
stress_impact_satisfied=0
stress_captured=0
stress_final_range_m=375.05885240
stress_impact_time_s=40.00000000
stress_impact_time_error_s=0.00000000
stress_impact_range_m=206.93537885
stress_impact_heading_deg=29.81213419
stress_impact_heading_error_deg=-0.18786581
stress_final_heading_deg=31.67368290
stress_max_command_mps2=97.44000000
stress_max_acceleration_mps2=97.43989403
stress_qp_failures=14
stress_mean_solve_time_ms=7.04186643
stress_max_solve_time_ms=15.92120000
stress_max_look_angle_deg=59.42640950
stress_fov_limit_deg=Inf
stress_fov_violation_deg=0.00000000
stress_mean_xi=0.92750385
stress_max_prediction_error=0.05974906
stress_max_terminal_slack= 1.65286663e-02 2.39611308e-04 9.90414904e-04
stress_final_alpha_hat=1.00000000
stress_final_beta_hat=1.00000000
comparison_bilinear_koopman_mpc_impact_satisfied=0
comparison_bilinear_koopman_mpc_captured=0
comparison_bilinear_koopman_mpc_final_range_m=665.01406319
comparison_bilinear_koopman_mpc_impact_time_s=40.00000000
comparison_bilinear_koopman_mpc_impact_time_error_s=0.00000000
comparison_bilinear_koopman_mpc_impact_range_m=65.31149353
comparison_bilinear_koopman_mpc_impact_heading_deg=29.99632385
comparison_bilinear_koopman_mpc_impact_heading_error_deg=-0.00367615
comparison_bilinear_koopman_mpc_final_heading_deg=32.95167871
comparison_bilinear_koopman_mpc_max_command_mps2=97.44000000
comparison_bilinear_koopman_mpc_max_acceleration_mps2=97.43989403
comparison_bilinear_koopman_mpc_qp_failures=7
comparison_bilinear_koopman_mpc_mean_solve_time_ms=7.66000357
comparison_bilinear_koopman_mpc_max_solve_time_ms=29.04570000
comparison_bilinear_koopman_mpc_max_look_angle_deg=59.97891675
comparison_bilinear_koopman_mpc_fov_limit_deg=Inf
comparison_bilinear_koopman_mpc_fov_violation_deg=0.00000000
comparison_bilinear_koopman_mpc_mean_xi=0.52941839
comparison_bilinear_koopman_mpc_max_prediction_error=0.02664607
comparison_bilinear_koopman_mpc_max_terminal_slack= 5.14352626e-03 3.18714770e-04 5.88473466e-04
comparison_bilinear_koopman_mpc_final_alpha_hat=1.00000000
comparison_bilinear_koopman_mpc_final_beta_hat=1.00000000
