Stationary-target Koopman guidance validation
max_bilinear_consistency_error=2.394466272609e-11
one_step_nrmse= 4.26206238e-06 2.85998375e-06 2.60912399e-09
one_step_rolling_nrmse= 3.20483714e-02 2.16912261e-02 5.35285327e-08
multi_step_nrmse= 2.48015651e-02 1.65831059e-02 7.04826965e-09
bilinear_rolling_nrmse= 4.13177304e-05 3.93918463e-05 5.61724195e-08
one_step_residual95= 2.05168108e-06 1.37096611e-06 2.71166256e-09
tube_bound99_terminal= 7.44824102e-05 7.65961483e-05 2.27959208e-07
terminal_tol= 4.16666667e-04 5.00000000e-04 5.23598776e-02
terminal_tightening= 7.44824102e-05 7.65961483e-05 2.27959208e-07
terminal_tol_tight= 3.42184256e-04 4.23403852e-04 5.23596496e-02
nominal_impact_satisfied=0
nominal_captured=0
nominal_final_range_m=354.14175779
nominal_impact_time_s=40.00000000
nominal_impact_time_error_s=0.00000000
nominal_impact_range_m=247.90518064
nominal_impact_heading_deg=29.76090991
nominal_impact_heading_error_deg=-0.23909009
nominal_final_heading_deg=32.23044701
nominal_max_command_mps2=93.60000000
nominal_max_acceleration_mps2=93.60000000
nominal_qp_failures=14
nominal_mean_solve_time_ms=5.92182476
nominal_max_solve_time_ms=16.34680000
nominal_max_look_angle_deg=78.25336886
nominal_fov_limit_deg=Inf
nominal_fov_violation_deg=0.00000000
nominal_mean_xi=0.01439899
nominal_max_prediction_error=0.12529424
nominal_max_terminal_slack= 2.02995708e-02 6.27729904e-03 1.11547744e-02
nominal_final_alpha_hat=0.99999475
nominal_final_beta_hat=0.85000000
stress_impact_satisfied=0
stress_captured=0
stress_final_range_m=83.54141015
stress_impact_time_s=40.00000000
stress_impact_time_error_s=0.00000000
stress_impact_range_m=528.04108872
stress_impact_heading_deg=29.87305707
stress_impact_heading_error_deg=-0.12694293
stress_final_heading_deg=34.98509518
stress_max_command_mps2=93.60000000
stress_max_acceleration_mps2=93.60000000
stress_qp_failures=16
stress_mean_solve_time_ms=5.76035690
stress_max_solve_time_ms=12.26810000
stress_max_look_angle_deg=78.01452243
stress_fov_limit_deg=Inf
stress_fov_violation_deg=0.00000000
stress_mean_xi=0.02944271
stress_max_prediction_error=0.13782222
stress_max_terminal_slack= 4.35932132e-02 1.32453616e-02 1.63122694e-02
stress_final_alpha_hat=0.97002272
stress_final_beta_hat=0.85000000
comparison_bilinear_koopman_mpc_impact_satisfied=0
comparison_bilinear_koopman_mpc_captured=0
comparison_bilinear_koopman_mpc_final_range_m=354.14175779
comparison_bilinear_koopman_mpc_impact_time_s=40.00000000
comparison_bilinear_koopman_mpc_impact_time_error_s=0.00000000
comparison_bilinear_koopman_mpc_impact_range_m=247.90518064
comparison_bilinear_koopman_mpc_impact_heading_deg=29.76090991
comparison_bilinear_koopman_mpc_impact_heading_error_deg=-0.23909009
comparison_bilinear_koopman_mpc_final_heading_deg=32.23044701
comparison_bilinear_koopman_mpc_max_command_mps2=93.60000000
comparison_bilinear_koopman_mpc_max_acceleration_mps2=93.60000000
comparison_bilinear_koopman_mpc_qp_failures=14
comparison_bilinear_koopman_mpc_mean_solve_time_ms=5.92182476
comparison_bilinear_koopman_mpc_max_solve_time_ms=16.34680000
comparison_bilinear_koopman_mpc_max_look_angle_deg=78.25336886
comparison_bilinear_koopman_mpc_fov_limit_deg=Inf
comparison_bilinear_koopman_mpc_fov_violation_deg=0.00000000
comparison_bilinear_koopman_mpc_mean_xi=0.01439899
comparison_bilinear_koopman_mpc_max_prediction_error=0.12529424
comparison_bilinear_koopman_mpc_max_terminal_slack= 2.02995708e-02 6.27729904e-03 1.11547744e-02
comparison_bilinear_koopman_mpc_final_alpha_hat=0.99999475
comparison_bilinear_koopman_mpc_final_beta_hat=0.85000000
