Stationary-target Koopman guidance validation
max_bilinear_consistency_error=2.394466272609e-11
one_step_nrmse= 3.75296640e-06 2.78970863e-06 3.15471740e-09
one_step_rolling_nrmse= 1.56771267e-02 1.25889323e-02 6.65968230e-08
multi_step_nrmse= 1.19240501e-02 9.14863918e-03 1.20003388e-08
bilinear_rolling_nrmse= 2.32283511e-05 1.93657653e-05 7.75580594e-08
one_step_residual95= 1.98063319e-06 1.37087823e-06 3.60302940e-09
tube_bound99_terminal= 4.82280773e-05 3.78212430e-05 3.81635266e-07
terminal_tol= 4.16666667e-04 5.00000000e-04 5.23598776e-02
terminal_tightening= 4.82280773e-05 3.78212430e-05 3.81635266e-07
terminal_tol_tight= 3.68438589e-04 4.62178757e-04 5.23594959e-02
nominal_impact_satisfied=0
nominal_captured=0
nominal_final_range_m=3624.05690302
nominal_impact_time_s=37.90000000
nominal_impact_time_error_s=-2.10000000
nominal_impact_range_m=6.11862538
nominal_impact_heading_deg=29.94651451
nominal_impact_heading_error_deg=-0.05348549
nominal_final_heading_deg=29.99550161
nominal_max_command_mps2=93.60000000
nominal_max_acceleration_mps2=93.59927615
nominal_qp_failures=0
nominal_mean_solve_time_ms=4.33248320
nominal_max_solve_time_ms=8.27380000
nominal_max_look_angle_deg=179.87494789
nominal_fov_limit_deg=Inf
nominal_fov_violation_deg=0.00000000
nominal_mean_xi=0.02992585
nominal_max_prediction_error=0.12396275
nominal_max_terminal_slack= 4.99406922e-08 4.12499262e-01 4.38039247e-01
nominal_final_alpha_hat=1.00000000
nominal_final_beta_hat=1.04289489
stress_impact_satisfied=1
stress_captured=1
stress_final_range_m=4.63298197
stress_impact_time_s=39.10000000
stress_impact_time_error_s=-0.90000000
stress_impact_range_m=4.63298197
stress_impact_heading_deg=29.95025570
stress_impact_heading_error_deg=-0.04974430
stress_final_heading_deg=29.95025570
stress_max_command_mps2=93.60000000
stress_max_acceleration_mps2=93.59972855
stress_qp_failures=0
stress_mean_solve_time_ms=4.39161611
stress_max_solve_time_ms=7.70290000
stress_max_look_angle_deg=60.00000000
stress_fov_limit_deg=Inf
stress_fov_violation_deg=0.00000000
stress_mean_xi=0.02476121
stress_max_prediction_error=0.13561638
stress_max_terminal_slack= 4.99037242e-08 4.12499262e-01 4.39679542e-01
stress_final_alpha_hat=0.96999999
stress_final_beta_hat=1.01093355
comparison_bilinear_koopman_mpc_impact_satisfied=0
comparison_bilinear_koopman_mpc_captured=0
comparison_bilinear_koopman_mpc_final_range_m=3624.05690302
comparison_bilinear_koopman_mpc_impact_time_s=37.90000000
comparison_bilinear_koopman_mpc_impact_time_error_s=-2.10000000
comparison_bilinear_koopman_mpc_impact_range_m=6.11862538
comparison_bilinear_koopman_mpc_impact_heading_deg=29.94651451
comparison_bilinear_koopman_mpc_impact_heading_error_deg=-0.05348549
comparison_bilinear_koopman_mpc_final_heading_deg=29.99550161
comparison_bilinear_koopman_mpc_max_command_mps2=93.60000000
comparison_bilinear_koopman_mpc_max_acceleration_mps2=93.59927615
comparison_bilinear_koopman_mpc_qp_failures=0
comparison_bilinear_koopman_mpc_mean_solve_time_ms=4.33248320
comparison_bilinear_koopman_mpc_max_solve_time_ms=8.27380000
comparison_bilinear_koopman_mpc_max_look_angle_deg=179.87494789
comparison_bilinear_koopman_mpc_fov_limit_deg=Inf
comparison_bilinear_koopman_mpc_fov_violation_deg=0.00000000
comparison_bilinear_koopman_mpc_mean_xi=0.02992585
comparison_bilinear_koopman_mpc_max_prediction_error=0.12396275
comparison_bilinear_koopman_mpc_max_terminal_slack= 4.99406922e-08 4.12499262e-01 4.38039247e-01
comparison_bilinear_koopman_mpc_final_alpha_hat=1.00000000
comparison_bilinear_koopman_mpc_final_beta_hat=1.04289489
