Stationary-target Koopman guidance validation
max_bilinear_consistency_error=3.990769541928e-11
one_step_nrmse= 6.94051044e-06 3.04252701e-06 2.35273432e-09
one_step_rolling_nrmse= 3.03062990e-02 1.37588408e-02 5.02415057e-08
multi_step_nrmse= 2.28144338e-02 9.87078516e-03 9.63878017e-09
bilinear_rolling_nrmse= 3.92062254e-05 3.29067016e-05 7.08782876e-08
one_step_residual95= 4.19513834e-06 1.45451625e-06 1.93526339e-09
tube_bound99_terminal= 7.19908078e-05 8.46693975e-05 4.03550804e-07
terminal_tol= 1.53609831e-03 1.66666667e-03 5.23598776e-02
terminal_tightening= 7.19908078e-05 8.46693975e-05 4.03550804e-07
terminal_tol_tight= 1.46410750e-03 1.58199727e-03 5.23594740e-02
nominal_impact_satisfied=0
nominal_captured=0
nominal_final_range_m=798.82725472
nominal_impact_time_s=21.70000000
nominal_impact_time_error_s=0.00000000
nominal_impact_range_m=199.93845521
nominal_impact_heading_deg=-4.73261219
nominal_impact_heading_error_deg=-2.73261219
nominal_final_heading_deg=-3.61484195
nominal_max_command_mps2=93.60000000
nominal_max_acceleration_mps2=69.26628006
nominal_qp_failures=0
nominal_mean_solve_time_ms=24.35857722
nominal_max_solve_time_ms=358.89850000
nominal_max_look_angle_deg=178.90382469
nominal_fov_limit_deg=15.00000000
nominal_fov_violation_deg=163.90382469
nominal_mean_xi=0.03860797
nominal_max_prediction_error=0.09336483
nominal_max_terminal_slack= 2.90829131e-02 2.82680040e-03 7.49673937e-04
nominal_final_alpha_hat=0.99999496
nominal_final_beta_hat=0.85000000
stress_impact_satisfied=0
stress_captured=0
stress_final_range_m=599.49061897
stress_impact_time_s=21.70000000
stress_impact_time_error_s=0.00000000
stress_impact_range_m=17.51877602
stress_impact_heading_deg=-0.79326931
stress_impact_heading_error_deg=1.20673069
stress_final_heading_deg=-1.05671609
stress_max_command_mps2=93.60000000
stress_max_acceleration_mps2=69.91208778
stress_qp_failures=0
stress_mean_solve_time_ms=23.52801392
stress_max_solve_time_ms=42.69600000
stress_max_look_angle_deg=179.76115634
stress_fov_limit_deg=15.00000000
stress_fov_violation_deg=164.76115634
stress_mean_xi=0.25688270
stress_max_prediction_error=0.04940804
stress_max_terminal_slack= 1.20057748e-03 5.07010716e-05 6.41743868e-06
stress_final_alpha_hat=0.96999938
stress_final_beta_hat=0.85000000
comparison_bilinear_koopman_mpc_impact_satisfied=0
comparison_bilinear_koopman_mpc_captured=0
comparison_bilinear_koopman_mpc_final_range_m=798.82725472
comparison_bilinear_koopman_mpc_impact_time_s=21.70000000
comparison_bilinear_koopman_mpc_impact_time_error_s=0.00000000
comparison_bilinear_koopman_mpc_impact_range_m=199.93845521
comparison_bilinear_koopman_mpc_impact_heading_deg=-4.73261219
comparison_bilinear_koopman_mpc_impact_heading_error_deg=-2.73261219
comparison_bilinear_koopman_mpc_final_heading_deg=-3.61484195
comparison_bilinear_koopman_mpc_max_command_mps2=93.60000000
comparison_bilinear_koopman_mpc_max_acceleration_mps2=69.26628006
comparison_bilinear_koopman_mpc_qp_failures=0
comparison_bilinear_koopman_mpc_mean_solve_time_ms=24.35857722
comparison_bilinear_koopman_mpc_max_solve_time_ms=358.89850000
comparison_bilinear_koopman_mpc_max_look_angle_deg=178.90382469
comparison_bilinear_koopman_mpc_fov_limit_deg=15.00000000
comparison_bilinear_koopman_mpc_fov_violation_deg=163.90382469
comparison_bilinear_koopman_mpc_mean_xi=0.03860797
comparison_bilinear_koopman_mpc_max_prediction_error=0.09336483
comparison_bilinear_koopman_mpc_max_terminal_slack= 2.90829131e-02 2.82680040e-03 7.49673937e-04
comparison_bilinear_koopman_mpc_final_alpha_hat=0.99999496
comparison_bilinear_koopman_mpc_final_beta_hat=0.85000000
