Stationary-target Koopman guidance validation
max_bilinear_consistency_error=3.990769541928e-11
one_step_nrmse= 6.94051044e-06 3.04252701e-06 2.35273432e-09
one_step_rolling_nrmse= 3.03062990e-02 1.37588408e-02 5.02415057e-08
multi_step_nrmse= 2.28144338e-02 9.87078516e-03 9.63878017e-09
bilinear_rolling_nrmse= 3.92062254e-05 3.29067016e-05 7.08782876e-08
one_step_residual95= 4.19513834e-06 1.45451625e-06 1.93526339e-09
tube_bound99_terminal= 7.19908078e-05 8.46693975e-05 4.03550804e-07
terminal_tol= 1.53609831e-03 1.66666667e-03 5.23598776e-02
terminal_tightening= 7.19908078e-05 8.46693975e-05 4.03550804e-07
terminal_tol_tight= 1.46410750e-03 1.58199727e-03 5.23594740e-02
nominal_impact_satisfied=0
nominal_captured=0
nominal_final_range_m=663.34739782
nominal_impact_time_s=21.70000000
nominal_impact_time_error_s=0.00000000
nominal_impact_range_m=63.38635083
nominal_impact_heading_deg=-2.05695254
nominal_impact_heading_error_deg=-0.05695254
nominal_final_heading_deg=-2.06362185
nominal_max_command_mps2=93.60000000
nominal_max_acceleration_mps2=93.58627358
nominal_qp_failures=0
nominal_mean_solve_time_ms=16.72973586
nominal_max_solve_time_ms=34.30660000
nominal_max_look_angle_deg=29.72197415
nominal_fov_limit_deg=30.00000000
nominal_fov_violation_deg=0.00000000
nominal_mean_xi=0.15078201
nominal_max_prediction_error=0.07718634
nominal_max_terminal_slack= 8.20215814e-03 5.60527139e-05 6.85126884e-06
nominal_final_alpha_hat=0.99999999
nominal_final_beta_hat=0.85888310
stress_impact_satisfied=0
stress_captured=0
stress_final_range_m=460.37222124
stress_impact_time_s=21.70000000
stress_impact_time_error_s=0.00000000
stress_impact_range_m=121.87534102
stress_impact_heading_deg=-1.13567444
stress_impact_heading_error_deg=0.86432556
stress_final_heading_deg=-1.35955480
stress_max_command_mps2=93.60000000
stress_max_acceleration_mps2=93.58627358
stress_qp_failures=0
stress_mean_solve_time_ms=15.81627932
stress_max_solve_time_ms=28.73360000
stress_max_look_angle_deg=29.77118267
stress_fov_limit_deg=30.00000000
stress_fov_violation_deg=0.00000000
stress_mean_xi=0.08727128
stress_max_prediction_error=0.10053351
stress_max_terminal_slack= 1.71727603e-02 3.23781514e-04 4.00858733e-05
stress_final_alpha_hat=0.96999980
stress_final_beta_hat=0.85357585
comparison_bilinear_koopman_mpc_impact_satisfied=0
comparison_bilinear_koopman_mpc_captured=0
comparison_bilinear_koopman_mpc_final_range_m=663.34739782
comparison_bilinear_koopman_mpc_impact_time_s=21.70000000
comparison_bilinear_koopman_mpc_impact_time_error_s=0.00000000
comparison_bilinear_koopman_mpc_impact_range_m=63.38635083
comparison_bilinear_koopman_mpc_impact_heading_deg=-2.05695254
comparison_bilinear_koopman_mpc_impact_heading_error_deg=-0.05695254
comparison_bilinear_koopman_mpc_final_heading_deg=-2.06362185
comparison_bilinear_koopman_mpc_max_command_mps2=93.60000000
comparison_bilinear_koopman_mpc_max_acceleration_mps2=93.58627358
comparison_bilinear_koopman_mpc_qp_failures=0
comparison_bilinear_koopman_mpc_mean_solve_time_ms=16.72973586
comparison_bilinear_koopman_mpc_max_solve_time_ms=34.30660000
comparison_bilinear_koopman_mpc_max_look_angle_deg=29.72197415
comparison_bilinear_koopman_mpc_fov_limit_deg=30.00000000
comparison_bilinear_koopman_mpc_fov_violation_deg=0.00000000
comparison_bilinear_koopman_mpc_mean_xi=0.15078201
comparison_bilinear_koopman_mpc_max_prediction_error=0.07718634
comparison_bilinear_koopman_mpc_max_terminal_slack= 8.20215814e-03 5.60527139e-05 6.85126884e-06
comparison_bilinear_koopman_mpc_final_alpha_hat=0.99999999
comparison_bilinear_koopman_mpc_final_beta_hat=0.85888310
