Stationary-target Koopman guidance validation
max_bilinear_consistency_error=2.394466272609e-11
one_step_nrmse= 2.69169800e-06 4.09473090e-06 5.40152779e-09
one_step_rolling_nrmse= 1.11795254e-02 1.77532482e-02 1.28738012e-07
multi_step_nrmse= 8.44770726e-03 1.32723969e-02 2.71074829e-08
bilinear_rolling_nrmse= 2.10898259e-05 2.25012689e-05 1.35436294e-07
one_step_residual95= 1.21112571e-06 2.25903169e-06 6.19150271e-09
tube_bound99_terminal= 4.51614355e-05 4.20659209e-05 5.47800184e-07
terminal_tol= 4.16666667e-04 5.00000000e-04 5.23598776e-02
terminal_tightening= 4.51614355e-05 4.20659209e-05 5.47800184e-07
terminal_tol_tight= 3.71505231e-04 4.57934079e-04 5.23593298e-02
nominal_impact_satisfied=0
nominal_captured=0
nominal_final_range_m=11822.16452529
nominal_impact_time_s=33.00000000
nominal_impact_time_error_s=-7.00000000
nominal_impact_range_m=1443.41000987
nominal_impact_heading_deg=9.85380730
nominal_impact_heading_error_deg=-50.14619270
nominal_final_heading_deg=60.00107135
nominal_max_command_mps2=69.94631178
nominal_max_acceleration_mps2=69.81032512
nominal_qp_failures=0
nominal_mean_solve_time_ms=14.15614157
nominal_max_solve_time_ms=28.80880000
nominal_max_look_angle_deg=179.67536303
nominal_fov_limit_deg=Inf
nominal_fov_violation_deg=0.00000000
nominal_mean_xi=0.42919440
nominal_max_prediction_error=0.04098350
nominal_max_terminal_slack= 4.98305698e-08 8.16938843e-01 1.58005897e-01
nominal_final_alpha_hat=1.00000000
nominal_final_beta_hat=1.03521941
stress_impact_satisfied=0
stress_captured=0
stress_final_range_m=11309.40288342
stress_impact_time_s=33.90000000
stress_impact_time_error_s=-6.10000000
stress_impact_range_m=1644.90197181
stress_impact_heading_deg=11.14409493
stress_impact_heading_error_deg=-48.85590507
stress_final_heading_deg=60.00250249
stress_max_command_mps2=69.94725503
stress_max_acceleration_mps2=69.81130873
stress_qp_failures=0
stress_mean_solve_time_ms=14.09814329
stress_max_solve_time_ms=28.65960000
stress_max_look_angle_deg=166.61590210
stress_fov_limit_deg=Inf
stress_fov_violation_deg=0.00000000
stress_mean_xi=0.44445082
stress_max_prediction_error=0.05177411
stress_max_terminal_slack= 4.98750555e-08 8.16938843e-01 1.56285791e-01
stress_final_alpha_hat=0.97000000
stress_final_beta_hat=1.01499134
comparison_bilinear_koopman_mpc_impact_satisfied=0
comparison_bilinear_koopman_mpc_captured=0
comparison_bilinear_koopman_mpc_final_range_m=11822.16452529
comparison_bilinear_koopman_mpc_impact_time_s=33.00000000
comparison_bilinear_koopman_mpc_impact_time_error_s=-7.00000000
comparison_bilinear_koopman_mpc_impact_range_m=1443.41000987
comparison_bilinear_koopman_mpc_impact_heading_deg=9.85380730
comparison_bilinear_koopman_mpc_impact_heading_error_deg=-50.14619270
comparison_bilinear_koopman_mpc_final_heading_deg=60.00107135
comparison_bilinear_koopman_mpc_max_command_mps2=69.94631178
comparison_bilinear_koopman_mpc_max_acceleration_mps2=69.81032512
comparison_bilinear_koopman_mpc_qp_failures=0
comparison_bilinear_koopman_mpc_mean_solve_time_ms=14.15614157
comparison_bilinear_koopman_mpc_max_solve_time_ms=28.80880000
comparison_bilinear_koopman_mpc_max_look_angle_deg=179.67536303
comparison_bilinear_koopman_mpc_fov_limit_deg=Inf
comparison_bilinear_koopman_mpc_fov_violation_deg=0.00000000
comparison_bilinear_koopman_mpc_mean_xi=0.42919440
comparison_bilinear_koopman_mpc_max_prediction_error=0.04098350
comparison_bilinear_koopman_mpc_max_terminal_slack= 4.98305698e-08 8.16938843e-01 1.58005897e-01
comparison_bilinear_koopman_mpc_final_alpha_hat=1.00000000
comparison_bilinear_koopman_mpc_final_beta_hat=1.03521941
