Stationary-target Koopman guidance validation
max_bilinear_consistency_error=2.394466272609e-11
one_step_nrmse= 4.26206238e-06 2.85998375e-06 2.60912399e-09
one_step_rolling_nrmse= 3.20483714e-02 2.16912261e-02 5.35285327e-08
multi_step_nrmse= 2.48015651e-02 1.65831059e-02 7.04826965e-09
bilinear_rolling_nrmse= 4.13177304e-05 3.93918463e-05 5.61724195e-08
one_step_residual95= 2.05168108e-06 1.37096611e-06 2.71166256e-09
tube_bound99_terminal= 7.44824102e-05 7.65961483e-05 2.27959208e-07
terminal_tol= 4.16666667e-04 5.00000000e-04 5.23598776e-02
terminal_tightening= 7.44824102e-05 7.65961483e-05 2.27959208e-07
terminal_tol_tight= 3.42184256e-04 4.23403852e-04 5.23596496e-02
nominal_impact_satisfied=0
nominal_captured=0
nominal_final_range_m=780.64401399
nominal_impact_time_s=40.00000000
nominal_impact_time_error_s=0.00000000
nominal_impact_range_m=181.60358267
nominal_impact_heading_deg=29.03990626
nominal_impact_heading_error_deg=-0.96009374
nominal_final_heading_deg=29.36820947
nominal_max_command_mps2=93.60000000
nominal_max_acceleration_mps2=93.59999999
nominal_qp_failures=10
nominal_mean_solve_time_ms=5.67541357
nominal_max_solve_time_ms=14.03250000
nominal_max_look_angle_deg=77.17975337
nominal_fov_limit_deg=Inf
nominal_fov_violation_deg=0.00000000
nominal_mean_xi=0.04635939
nominal_max_prediction_error=0.11029485
nominal_max_terminal_slack= 1.47196473e-02 1.51743105e-02 8.86573820e-03
nominal_final_alpha_hat=0.99999733
nominal_final_beta_hat=0.85383865
stress_impact_satisfied=0
stress_captured=0
stress_final_range_m=519.55309878
stress_impact_time_s=40.00000000
stress_impact_time_error_s=0.00000000
stress_impact_range_m=65.02056299
stress_impact_heading_deg=29.99840771
stress_impact_heading_error_deg=-0.00159229
stress_final_heading_deg=29.34451231
stress_max_command_mps2=93.60000000
stress_max_acceleration_mps2=93.59999999
stress_qp_failures=1
stress_mean_solve_time_ms=5.88839071
stress_max_solve_time_ms=12.63440000
stress_max_look_angle_deg=76.28560659
stress_fov_limit_deg=Inf
stress_fov_violation_deg=0.00000000
stress_mean_xi=0.01250593
stress_max_prediction_error=0.13746577
stress_max_terminal_slack= 4.88632943e-03 2.04426236e-03 7.71045313e-05
stress_final_alpha_hat=0.96999719
stress_final_beta_hat=0.89134410
comparison_bilinear_koopman_mpc_impact_satisfied=0
comparison_bilinear_koopman_mpc_captured=0
comparison_bilinear_koopman_mpc_final_range_m=780.64401399
comparison_bilinear_koopman_mpc_impact_time_s=40.00000000
comparison_bilinear_koopman_mpc_impact_time_error_s=0.00000000
comparison_bilinear_koopman_mpc_impact_range_m=181.60358267
comparison_bilinear_koopman_mpc_impact_heading_deg=29.03990626
comparison_bilinear_koopman_mpc_impact_heading_error_deg=-0.96009374
comparison_bilinear_koopman_mpc_final_heading_deg=29.36820947
comparison_bilinear_koopman_mpc_max_command_mps2=93.60000000
comparison_bilinear_koopman_mpc_max_acceleration_mps2=93.59999999
comparison_bilinear_koopman_mpc_qp_failures=10
comparison_bilinear_koopman_mpc_mean_solve_time_ms=5.67541357
comparison_bilinear_koopman_mpc_max_solve_time_ms=14.03250000
comparison_bilinear_koopman_mpc_max_look_angle_deg=77.17975337
comparison_bilinear_koopman_mpc_fov_limit_deg=Inf
comparison_bilinear_koopman_mpc_fov_violation_deg=0.00000000
comparison_bilinear_koopman_mpc_mean_xi=0.04635939
comparison_bilinear_koopman_mpc_max_prediction_error=0.11029485
comparison_bilinear_koopman_mpc_max_terminal_slack= 1.47196473e-02 1.51743105e-02 8.86573820e-03
comparison_bilinear_koopman_mpc_final_alpha_hat=0.99999733
comparison_bilinear_koopman_mpc_final_beta_hat=0.85383865
