Stationary-target Koopman guidance validation
max_bilinear_consistency_error=2.394466272609e-11
one_step_nrmse= 4.26206238e-06 2.85998375e-06 2.60912399e-09
one_step_rolling_nrmse= 3.20483714e-02 2.16912261e-02 5.35285327e-08
multi_step_nrmse= 2.48015651e-02 1.65831059e-02 7.04826965e-09
bilinear_rolling_nrmse= 4.13177304e-05 3.93918463e-05 5.61724195e-08
one_step_residual95= 2.05168108e-06 1.37096611e-06 2.71166256e-09
tube_bound99_terminal= 7.44824102e-05 7.65961483e-05 2.27959208e-07
terminal_tol= 4.16666667e-04 5.00000000e-04 5.23598776e-02
terminal_tightening= 7.44824102e-05 7.65961483e-05 2.27959208e-07
terminal_tol_tight= 3.42184256e-04 4.23403852e-04 5.23596496e-02
nominal_impact_satisfied=0
nominal_captured=0
nominal_final_range_m=538.59022152
nominal_impact_time_s=40.00000000
nominal_impact_time_error_s=0.00000000
nominal_impact_range_m=61.96766511
nominal_impact_heading_deg=32.55040867
nominal_impact_heading_error_deg=2.55040867
nominal_final_heading_deg=31.18683896
nominal_max_command_mps2=100.00000000
nominal_max_acceleration_mps2=93.59999999
nominal_qp_failures=1
nominal_mean_solve_time_ms=54.06453810
nominal_max_solve_time_ms=592.70650000
nominal_max_look_angle_deg=75.64407482
nominal_fov_limit_deg=Inf
nominal_fov_violation_deg=0.00000000
nominal_mean_xi=0.00199536
nominal_max_prediction_error=0.09999446
nominal_max_terminal_slack= 4.79406018e-03 5.39533776e-04 2.06273250e-04
nominal_final_alpha_hat=0.99998914
nominal_final_beta_hat=0.85000000
stress_impact_satisfied=0
stress_captured=0
stress_final_range_m=259.85516809
stress_impact_time_s=40.00000000
stress_impact_time_error_s=0.00000000
stress_impact_range_m=325.73478595
stress_impact_heading_deg=30.49386165
stress_impact_heading_error_deg=0.49386165
stress_final_heading_deg=34.58693767
stress_max_command_mps2=100.00000000
stress_max_acceleration_mps2=93.59999999
stress_qp_failures=6
stress_mean_solve_time_ms=58.38553929
stress_max_solve_time_ms=730.55630000
stress_max_look_angle_deg=74.46745466
stress_fov_limit_deg=Inf
stress_fov_violation_deg=0.00000000
stress_mean_xi=0.00901266
stress_max_prediction_error=0.09572025
stress_max_terminal_slack= 2.66284087e-02 9.70024927e-04 1.05762782e-03
stress_final_alpha_hat=0.97001384
stress_final_beta_hat=0.85000000
comparison_bilinear_koopman_mpc_impact_satisfied=0
comparison_bilinear_koopman_mpc_captured=0
comparison_bilinear_koopman_mpc_final_range_m=538.59022152
comparison_bilinear_koopman_mpc_impact_time_s=40.00000000
comparison_bilinear_koopman_mpc_impact_time_error_s=0.00000000
comparison_bilinear_koopman_mpc_impact_range_m=61.96766511
comparison_bilinear_koopman_mpc_impact_heading_deg=32.55040867
comparison_bilinear_koopman_mpc_impact_heading_error_deg=2.55040867
comparison_bilinear_koopman_mpc_final_heading_deg=31.18683896
comparison_bilinear_koopman_mpc_max_command_mps2=100.00000000
comparison_bilinear_koopman_mpc_max_acceleration_mps2=93.59999999
comparison_bilinear_koopman_mpc_qp_failures=1
comparison_bilinear_koopman_mpc_mean_solve_time_ms=54.06453810
comparison_bilinear_koopman_mpc_max_solve_time_ms=592.70650000
comparison_bilinear_koopman_mpc_max_look_angle_deg=75.64407482
comparison_bilinear_koopman_mpc_fov_limit_deg=Inf
comparison_bilinear_koopman_mpc_fov_violation_deg=0.00000000
comparison_bilinear_koopman_mpc_mean_xi=0.00199536
comparison_bilinear_koopman_mpc_max_prediction_error=0.09999446
comparison_bilinear_koopman_mpc_max_terminal_slack= 4.79406018e-03 5.39533776e-04 2.06273250e-04
comparison_bilinear_koopman_mpc_final_alpha_hat=0.99998914
comparison_bilinear_koopman_mpc_final_beta_hat=0.85000000
