Stationary-target Koopman guidance validation
max_bilinear_consistency_error=2.394466272609e-11
one_step_nrmse= 1.75965741e-06 4.33457431e-06 2.21199498e-01
one_step_rolling_nrmse= 7.97997769e-03 1.85936663e-02 6.62175891e-01
multi_step_nrmse= 5.45502380e-03 1.38559088e-02 7.24326778e-01
bilinear_rolling_nrmse= 1.90221214e-05 2.40070343e-05 6.93766523e-01
one_step_residual95= 7.18134533e-07 2.73820903e-06 1.54952392e-02
tube_bound99_terminal= 4.24657914e-05 4.73093321e-05 2.03397765e+00
terminal_tol= 4.16666667e-04 5.00000000e-04 5.23598776e-02
terminal_tightening= 4.24657914e-05 4.73093321e-05 4.18879020e-02
terminal_tol_tight= 3.74200875e-04 4.52690668e-04 1.04719755e-02
nominal_impact_satisfied=0
nominal_captured=0
nominal_final_range_m=15089.36976147
nominal_impact_time_s=26.30000000
nominal_impact_time_error_s=-13.70000000
nominal_impact_range_m=5255.20922600
nominal_impact_heading_deg=41.27702498
nominal_impact_heading_error_deg=-48.72297502
nominal_final_heading_deg=53.88480654
nominal_max_command_mps2=93.60000000
nominal_max_acceleration_mps2=93.59999633
nominal_qp_failures=12
nominal_mean_solve_time_ms=4.98128186
nominal_max_solve_time_ms=8.28660000
nominal_max_look_angle_deg=132.72816831
nominal_fov_limit_deg=Inf
nominal_fov_violation_deg=0.00000000
nominal_mean_xi=0.73812624
nominal_max_prediction_error=0.41073082
nominal_max_terminal_slack= 4.99750118e-08 8.97405866e-01 9.19300913e-01
nominal_final_alpha_hat=0.99980052
nominal_final_beta_hat=0.88237456
stress_impact_satisfied=0
stress_captured=0
stress_final_range_m=14619.56840930
stress_impact_time_s=26.90000000
stress_impact_time_error_s=-13.10000000
stress_impact_range_m=5381.06954416
stress_impact_heading_deg=41.83318783
stress_impact_heading_error_deg=-48.16681217
stress_final_heading_deg=51.24838681
stress_max_command_mps2=93.60000000
stress_max_acceleration_mps2=93.59999395
stress_qp_failures=20
stress_mean_solve_time_ms=4.97291014
stress_max_solve_time_ms=13.00200000
stress_max_look_angle_deg=130.16039110
stress_fov_limit_deg=Inf
stress_fov_violation_deg=0.00000000
stress_mean_xi=0.69384194
stress_max_prediction_error=0.34988605
stress_max_terminal_slack= 4.99958028e-08 8.97405866e-01 1.26699353e+00
stress_final_alpha_hat=0.97008995
stress_final_beta_hat=0.85000000
comparison_bilinear_koopman_mpc_impact_satisfied=0
comparison_bilinear_koopman_mpc_captured=0
comparison_bilinear_koopman_mpc_final_range_m=15089.36976147
comparison_bilinear_koopman_mpc_impact_time_s=26.30000000
comparison_bilinear_koopman_mpc_impact_time_error_s=-13.70000000
comparison_bilinear_koopman_mpc_impact_range_m=5255.20922600
comparison_bilinear_koopman_mpc_impact_heading_deg=41.27702498
comparison_bilinear_koopman_mpc_impact_heading_error_deg=-48.72297502
comparison_bilinear_koopman_mpc_final_heading_deg=53.88480654
comparison_bilinear_koopman_mpc_max_command_mps2=93.60000000
comparison_bilinear_koopman_mpc_max_acceleration_mps2=93.59999633
comparison_bilinear_koopman_mpc_qp_failures=12
comparison_bilinear_koopman_mpc_mean_solve_time_ms=4.98128186
comparison_bilinear_koopman_mpc_max_solve_time_ms=8.28660000
comparison_bilinear_koopman_mpc_max_look_angle_deg=132.72816831
comparison_bilinear_koopman_mpc_fov_limit_deg=Inf
comparison_bilinear_koopman_mpc_fov_violation_deg=0.00000000
comparison_bilinear_koopman_mpc_mean_xi=0.73812624
comparison_bilinear_koopman_mpc_max_prediction_error=0.41073082
comparison_bilinear_koopman_mpc_max_terminal_slack= 4.99750118e-08 8.97405866e-01 9.19300913e-01
comparison_bilinear_koopman_mpc_final_alpha_hat=0.99980052
comparison_bilinear_koopman_mpc_final_beta_hat=0.88237456
