Stationary-target Koopman guidance validation
max_bilinear_consistency_error=2.394466272609e-11
one_step_nrmse= 1.75965741e-06 4.33457431e-06 2.21199498e-01
one_step_rolling_nrmse= 7.97997769e-03 1.85936663e-02 6.62175891e-01
multi_step_nrmse= 5.45502380e-03 1.38559088e-02 7.24326778e-01
bilinear_rolling_nrmse= 1.90221214e-05 2.40070343e-05 6.93766523e-01
one_step_residual95= 7.18134533e-07 2.73820903e-06 1.54952392e-02
tube_bound99_terminal= 4.24657914e-05 4.73093321e-05 2.03397765e+00
terminal_tol= 4.16666667e-04 5.00000000e-04 5.23598776e-02
terminal_tightening= 4.24657914e-05 4.73093321e-05 4.18879020e-02
terminal_tol_tight= 3.74200875e-04 4.52690668e-04 1.04719755e-02
nominal_impact_satisfied=0
nominal_captured=0
nominal_final_range_m=15643.30418203
nominal_impact_time_s=24.30000000
nominal_impact_time_error_s=-15.70000000
nominal_impact_range_m=5843.73035570
nominal_impact_heading_deg=45.67701639
nominal_impact_heading_error_deg=-44.32298361
nominal_final_heading_deg=52.42787120
nominal_max_command_mps2=65.48899198
nominal_max_acceleration_mps2=65.16231787
nominal_qp_failures=5
nominal_mean_solve_time_ms=21.28946029
nominal_max_solve_time_ms=52.47980000
nominal_max_look_angle_deg=129.33517850
nominal_fov_limit_deg=Inf
nominal_fov_violation_deg=0.00000000
nominal_mean_xi=0.70764483
nominal_max_prediction_error=0.34779094
nominal_max_terminal_slack= 4.99691636e-08 9.01814937e-01 7.13646086e-01
nominal_final_alpha_hat=0.99984359
nominal_final_beta_hat=0.98610568
stress_impact_satisfied=0
stress_captured=0
stress_final_range_m=15185.34893075
stress_impact_time_s=24.80000000
stress_impact_time_error_s=-15.20000000
stress_impact_range_m=5916.14765604
stress_impact_heading_deg=46.50375522
stress_impact_heading_error_deg=-43.49624478
stress_final_heading_deg=47.24618878
stress_max_command_mps2=65.02515044
stress_max_acceleration_mps2=64.67863659
stress_qp_failures=6
stress_mean_solve_time_ms=21.91463700
stress_max_solve_time_ms=53.68950000
stress_max_look_angle_deg=127.41317341
stress_fov_limit_deg=Inf
stress_fov_violation_deg=0.00000000
stress_mean_xi=0.71250624
stress_max_prediction_error=0.33884385
stress_max_terminal_slack= 4.99991874e-08 9.01814937e-01 6.99645949e-01
stress_final_alpha_hat=0.97026983
stress_final_beta_hat=1.00222204
comparison_bilinear_koopman_mpc_impact_satisfied=0
comparison_bilinear_koopman_mpc_captured=0
comparison_bilinear_koopman_mpc_final_range_m=15643.30418203
comparison_bilinear_koopman_mpc_impact_time_s=24.30000000
comparison_bilinear_koopman_mpc_impact_time_error_s=-15.70000000
comparison_bilinear_koopman_mpc_impact_range_m=5843.73035570
comparison_bilinear_koopman_mpc_impact_heading_deg=45.67701639
comparison_bilinear_koopman_mpc_impact_heading_error_deg=-44.32298361
comparison_bilinear_koopman_mpc_final_heading_deg=52.42787120
comparison_bilinear_koopman_mpc_max_command_mps2=65.48899198
comparison_bilinear_koopman_mpc_max_acceleration_mps2=65.16231787
comparison_bilinear_koopman_mpc_qp_failures=5
comparison_bilinear_koopman_mpc_mean_solve_time_ms=21.28946029
comparison_bilinear_koopman_mpc_max_solve_time_ms=52.47980000
comparison_bilinear_koopman_mpc_max_look_angle_deg=129.33517850
comparison_bilinear_koopman_mpc_fov_limit_deg=Inf
comparison_bilinear_koopman_mpc_fov_violation_deg=0.00000000
comparison_bilinear_koopman_mpc_mean_xi=0.70764483
comparison_bilinear_koopman_mpc_max_prediction_error=0.34779094
comparison_bilinear_koopman_mpc_max_terminal_slack= 4.99691636e-08 9.01814937e-01 7.13646086e-01
comparison_bilinear_koopman_mpc_final_alpha_hat=0.99984359
comparison_bilinear_koopman_mpc_final_beta_hat=0.98610568
