Stationary-target Koopman guidance validation
max_bilinear_consistency_error=2.394466272609e-11
one_step_nrmse= 4.26205644e-06 2.85998375e-06 2.60912376e-09
one_step_rolling_nrmse= 3.20483715e-02 2.16912261e-02 5.35285271e-08
multi_step_nrmse= 2.48015651e-02 1.65831059e-02 7.04826637e-09
bilinear_rolling_nrmse= 4.13182055e-05 3.93918463e-05 5.61724722e-08
one_step_residual95= 2.02887947e-06 1.37096611e-06 2.71166142e-09
tube_bound99_terminal= 7.36537339e-05 7.65961483e-05 2.27959553e-07
terminal_tol= 4.12031314e-04 5.00000000e-04 5.23598776e-02
terminal_tightening= 7.36537339e-05 7.65961483e-05 2.27959553e-07
terminal_tol_tight= 3.38377580e-04 4.23403852e-04 5.23596496e-02
nominal_impact_satisfied=0
nominal_captured=0
nominal_final_range_m=670.69183236
nominal_impact_time_s=40.40000000
nominal_impact_time_error_s=-0.05000000
nominal_impact_range_m=134.44219192
nominal_impact_heading_deg=33.20290831
nominal_impact_heading_error_deg=3.20290831
nominal_final_heading_deg=36.06641273
nominal_max_command_mps2=93.60000000
nominal_max_acceleration_mps2=93.60000000
nominal_qp_failures=1
nominal_mean_solve_time_ms=5.02595953
nominal_max_solve_time_ms=9.75370000
nominal_max_look_angle_deg=78.98880784
nominal_fov_limit_deg=Inf
nominal_fov_violation_deg=0.00000000
nominal_mean_xi=0.04298621
nominal_max_prediction_error=0.10848562
nominal_max_terminal_slack= 3.27473544e-03 1.50901946e-02 2.96374626e-03
nominal_final_alpha_hat=0.99999594
nominal_final_beta_hat=0.85000000
stress_impact_satisfied=0
stress_captured=0
stress_final_range_m=384.46028643
stress_impact_time_s=40.40000000
stress_impact_time_error_s=-0.05000000
stress_impact_range_m=237.65504902
stress_impact_heading_deg=29.32114003
stress_impact_heading_error_deg=-0.67885997
stress_final_heading_deg=33.38199123
stress_max_command_mps2=93.60000000
stress_max_acceleration_mps2=93.60000000
stress_qp_failures=5
stress_mean_solve_time_ms=5.17328941
stress_max_solve_time_ms=9.62580000
stress_max_look_angle_deg=78.01452605
stress_fov_limit_deg=Inf
stress_fov_violation_deg=0.00000000
stress_mean_xi=0.02903838
stress_max_prediction_error=0.13914548
stress_max_terminal_slack= 1.74863479e-02 1.60287672e-02 5.99284195e-03
stress_final_alpha_hat=0.97001239
stress_final_beta_hat=0.85000000
comparison_bilinear_koopman_mpc_impact_satisfied=0
comparison_bilinear_koopman_mpc_captured=0
comparison_bilinear_koopman_mpc_final_range_m=670.69183236
comparison_bilinear_koopman_mpc_impact_time_s=40.40000000
comparison_bilinear_koopman_mpc_impact_time_error_s=-0.05000000
comparison_bilinear_koopman_mpc_impact_range_m=134.44219192
comparison_bilinear_koopman_mpc_impact_heading_deg=33.20290831
comparison_bilinear_koopman_mpc_impact_heading_error_deg=3.20290831
comparison_bilinear_koopman_mpc_final_heading_deg=36.06641273
comparison_bilinear_koopman_mpc_max_command_mps2=93.60000000
comparison_bilinear_koopman_mpc_max_acceleration_mps2=93.60000000
comparison_bilinear_koopman_mpc_qp_failures=1
comparison_bilinear_koopman_mpc_mean_solve_time_ms=5.02595953
comparison_bilinear_koopman_mpc_max_solve_time_ms=9.75370000
comparison_bilinear_koopman_mpc_max_look_angle_deg=78.98880784
comparison_bilinear_koopman_mpc_fov_limit_deg=Inf
comparison_bilinear_koopman_mpc_fov_violation_deg=0.00000000
comparison_bilinear_koopman_mpc_mean_xi=0.04298621
comparison_bilinear_koopman_mpc_max_prediction_error=0.10848562
comparison_bilinear_koopman_mpc_max_terminal_slack= 3.27473544e-03 1.50901946e-02 2.96374626e-03
comparison_bilinear_koopman_mpc_final_alpha_hat=0.99999594
comparison_bilinear_koopman_mpc_final_beta_hat=0.85000000
