Stationary-target Koopman guidance validation
max_bilinear_consistency_error=2.394466272609e-11
one_step_nrmse= 4.26206238e-06 2.85998375e-06 2.60912399e-09
one_step_rolling_nrmse= 3.20483714e-02 2.16912261e-02 5.35285327e-08
multi_step_nrmse= 2.48015651e-02 1.65831059e-02 7.04826965e-09
bilinear_rolling_nrmse= 4.13177304e-05 3.93918463e-05 5.61724195e-08
one_step_residual95= 2.05168108e-06 1.37096611e-06 2.71166256e-09
tube_bound99_terminal= 7.44824102e-05 7.65961483e-05 2.27959208e-07
terminal_tol= 4.16666667e-04 5.00000000e-04 5.23598776e-02
terminal_tightening= 7.44824102e-05 7.65961483e-05 2.27959208e-07
terminal_tol_tight= 3.42184256e-04 4.23403852e-04 5.23596496e-02
nominal_impact_satisfied=0
nominal_captured=0
nominal_final_range_m=541.49475014
nominal_impact_time_s=40.00000000
nominal_impact_time_error_s=0.00000000
nominal_impact_range_m=64.75967896
nominal_impact_heading_deg=28.46402514
nominal_impact_heading_error_deg=-1.53597486
nominal_final_heading_deg=31.06130183
nominal_max_command_mps2=93.60000000
nominal_max_acceleration_mps2=93.58627358
nominal_qp_failures=0
nominal_mean_solve_time_ms=5.35918738
nominal_max_solve_time_ms=24.83870000
nominal_max_look_angle_deg=78.35789073
nominal_fov_limit_deg=Inf
nominal_fov_violation_deg=0.00000000
nominal_mean_xi=0.00281754
nominal_max_prediction_error=0.12552403
nominal_max_terminal_slack= 4.61990245e-03 3.81792038e-03 1.85364086e-04
nominal_final_alpha_hat=0.99999278
nominal_final_beta_hat=0.85000000
stress_impact_satisfied=0
stress_captured=0
stress_final_range_m=292.72305728
stress_impact_time_s=40.00000000
stress_impact_time_error_s=0.00000000
stress_impact_range_m=329.88665788
stress_impact_heading_deg=29.98835692
stress_impact_heading_error_deg=-0.01164308
stress_final_heading_deg=36.70841994
stress_max_command_mps2=93.60000000
stress_max_acceleration_mps2=93.58627358
stress_qp_failures=14
stress_mean_solve_time_ms=5.00401595
stress_max_solve_time_ms=9.85220000
stress_max_look_angle_deg=78.01672313
stress_fov_limit_deg=Inf
stress_fov_violation_deg=0.00000000
stress_mean_xi=0.03373716
stress_max_prediction_error=0.13675941
stress_max_terminal_slack= 2.61395902e-02 3.39734946e-02 1.18525156e-02
stress_final_alpha_hat=0.97005482
stress_final_beta_hat=0.85000000
comparison_bilinear_koopman_mpc_impact_satisfied=0
comparison_bilinear_koopman_mpc_captured=0
comparison_bilinear_koopman_mpc_final_range_m=541.49475014
comparison_bilinear_koopman_mpc_impact_time_s=40.00000000
comparison_bilinear_koopman_mpc_impact_time_error_s=0.00000000
comparison_bilinear_koopman_mpc_impact_range_m=64.75967896
comparison_bilinear_koopman_mpc_impact_heading_deg=28.46402514
comparison_bilinear_koopman_mpc_impact_heading_error_deg=-1.53597486
comparison_bilinear_koopman_mpc_final_heading_deg=31.06130183
comparison_bilinear_koopman_mpc_max_command_mps2=93.60000000
comparison_bilinear_koopman_mpc_max_acceleration_mps2=93.58627358
comparison_bilinear_koopman_mpc_qp_failures=0
comparison_bilinear_koopman_mpc_mean_solve_time_ms=5.35918738
comparison_bilinear_koopman_mpc_max_solve_time_ms=24.83870000
comparison_bilinear_koopman_mpc_max_look_angle_deg=78.35789073
comparison_bilinear_koopman_mpc_fov_limit_deg=Inf
comparison_bilinear_koopman_mpc_fov_violation_deg=0.00000000
comparison_bilinear_koopman_mpc_mean_xi=0.00281754
comparison_bilinear_koopman_mpc_max_prediction_error=0.12552403
comparison_bilinear_koopman_mpc_max_terminal_slack= 4.61990245e-03 3.81792038e-03 1.85364086e-04
comparison_bilinear_koopman_mpc_final_alpha_hat=0.99999278
comparison_bilinear_koopman_mpc_final_beta_hat=0.85000000
