Stationary-target Koopman guidance validation
max_bilinear_consistency_error=2.394466272609e-11
one_step_nrmse= 4.26206238e-06 2.85998375e-06 2.60912399e-09
one_step_rolling_nrmse= 3.20483714e-02 2.16912261e-02 5.35285327e-08
multi_step_nrmse= 2.48015651e-02 1.65831059e-02 7.04826965e-09
bilinear_rolling_nrmse= 4.13177304e-05 3.93918463e-05 5.61724195e-08
one_step_residual95= 2.05168108e-06 1.37096611e-06 2.71166256e-09
tube_bound99_terminal= 7.44824102e-05 7.65961483e-05 2.27959208e-07
terminal_tol= 4.16666667e-04 5.00000000e-04 5.23598776e-02
terminal_tightening= 7.44824102e-05 7.65961483e-05 2.27959208e-07
terminal_tol_tight= 3.42184256e-04 4.23403852e-04 5.23596496e-02
nominal_impact_satisfied=0
nominal_captured=0
nominal_final_range_m=452.02504165
nominal_impact_time_s=40.00000000
nominal_impact_time_error_s=0.00000000
nominal_impact_range_m=148.17645894
nominal_impact_heading_deg=28.79827931
nominal_impact_heading_error_deg=-1.20172069
nominal_final_heading_deg=25.83948925
nominal_max_command_mps2=93.60000000
nominal_max_acceleration_mps2=93.59999972
nominal_qp_failures=5
nominal_mean_solve_time_ms=6.56203667
nominal_max_solve_time_ms=30.79510000
nominal_max_look_angle_deg=70.21119989
nominal_fov_limit_deg=Inf
nominal_fov_violation_deg=0.00000000
nominal_mean_xi=0.01863987
nominal_max_prediction_error=0.12581711
nominal_max_terminal_slack= 1.19209231e-02 1.05610357e-03 3.36506060e-03
nominal_final_alpha_hat=1.00001228
nominal_final_beta_hat=0.85000000
stress_impact_satisfied=0
stress_captured=0
stress_final_range_m=144.42234349
stress_impact_time_s=40.00000000
stress_impact_time_error_s=0.00000000
stress_impact_range_m=440.85934477
stress_impact_heading_deg=30.00264365
stress_impact_heading_error_deg=0.00264365
stress_final_heading_deg=35.13555151
stress_max_command_mps2=93.60000000
stress_max_acceleration_mps2=93.59999989
stress_qp_failures=16
stress_mean_solve_time_ms=5.90851357
stress_max_solve_time_ms=13.39220000
stress_max_look_angle_deg=69.49708256
stress_fov_limit_deg=Inf
stress_fov_violation_deg=0.00000000
stress_mean_xi=0.03224095
stress_max_prediction_error=0.13607899
stress_max_terminal_slack= 3.63910914e-02 4.42478468e-03 1.47860191e-02
stress_final_alpha_hat=0.97002827
stress_final_beta_hat=0.85000000
comparison_bilinear_koopman_mpc_impact_satisfied=0
comparison_bilinear_koopman_mpc_captured=0
comparison_bilinear_koopman_mpc_final_range_m=452.02504165
comparison_bilinear_koopman_mpc_impact_time_s=40.00000000
comparison_bilinear_koopman_mpc_impact_time_error_s=0.00000000
comparison_bilinear_koopman_mpc_impact_range_m=148.17645894
comparison_bilinear_koopman_mpc_impact_heading_deg=28.79827931
comparison_bilinear_koopman_mpc_impact_heading_error_deg=-1.20172069
comparison_bilinear_koopman_mpc_final_heading_deg=25.83948925
comparison_bilinear_koopman_mpc_max_command_mps2=93.60000000
comparison_bilinear_koopman_mpc_max_acceleration_mps2=93.59999972
comparison_bilinear_koopman_mpc_qp_failures=5
comparison_bilinear_koopman_mpc_mean_solve_time_ms=6.56203667
comparison_bilinear_koopman_mpc_max_solve_time_ms=30.79510000
comparison_bilinear_koopman_mpc_max_look_angle_deg=70.21119989
comparison_bilinear_koopman_mpc_fov_limit_deg=Inf
comparison_bilinear_koopman_mpc_fov_violation_deg=0.00000000
comparison_bilinear_koopman_mpc_mean_xi=0.01863987
comparison_bilinear_koopman_mpc_max_prediction_error=0.12581711
comparison_bilinear_koopman_mpc_max_terminal_slack= 1.19209231e-02 1.05610357e-03 3.36506060e-03
comparison_bilinear_koopman_mpc_final_alpha_hat=1.00001228
comparison_bilinear_koopman_mpc_final_beta_hat=0.85000000
