Stationary-target Koopman guidance validation
max_bilinear_consistency_error=2.394466272609e-11
one_step_nrmse= 4.26206238e-06 2.85998375e-06 2.60912399e-09
one_step_rolling_nrmse= 3.20483714e-02 2.16912261e-02 5.35285327e-08
multi_step_nrmse= 2.48015651e-02 1.65831059e-02 7.04826965e-09
bilinear_rolling_nrmse= 4.13177304e-05 3.93918463e-05 5.61724195e-08
one_step_residual95= 2.05168108e-06 1.37096611e-06 2.71166256e-09
tube_bound99_terminal= 7.44824102e-05 7.65961483e-05 2.27959208e-07
terminal_tol= 4.16666667e-04 5.00000000e-04 5.23598776e-02
terminal_tightening= 7.44824102e-05 7.65961483e-05 2.27959208e-07
terminal_tol_tight= 3.42184256e-04 4.23403852e-04 5.23596496e-02
nominal_impact_satisfied=0
nominal_captured=0
nominal_final_range_m=787.41733925
nominal_impact_time_s=40.00000000
nominal_impact_time_error_s=0.00000000
nominal_impact_range_m=190.24022312
nominal_impact_heading_deg=26.81685683
nominal_impact_heading_error_deg=-3.18314317
nominal_final_heading_deg=31.23145289
nominal_max_command_mps2=97.44000000
nominal_max_acceleration_mps2=97.43999998
nominal_qp_failures=8
nominal_mean_solve_time_ms=8.07941952
nominal_max_solve_time_ms=15.87600000
nominal_max_look_angle_deg=75.91605595
nominal_fov_limit_deg=Inf
nominal_fov_violation_deg=0.00000000
nominal_mean_xi=0.03706269
nominal_max_prediction_error=0.12959178
nominal_max_terminal_slack= 1.52817089e-02 1.07839516e-02 1.57155285e-02
nominal_final_alpha_hat=0.99995797
nominal_final_beta_hat=1.02890279
stress_impact_satisfied=0
stress_captured=0
stress_final_range_m=529.58442205
stress_impact_time_s=40.00000000
stress_impact_time_error_s=0.00000000
stress_impact_range_m=53.01959451
stress_impact_heading_deg=29.99888036
stress_impact_heading_error_deg=-0.00111964
stress_final_heading_deg=29.71425886
stress_max_command_mps2=97.44000000
stress_max_acceleration_mps2=97.43999998
stress_qp_failures=0
stress_mean_solve_time_ms=7.80658881
stress_max_solve_time_ms=14.92810000
stress_max_look_angle_deg=74.99516763
stress_fov_limit_deg=Inf
stress_fov_violation_deg=0.00000000
stress_mean_xi=0.01059354
stress_max_prediction_error=0.14333953
stress_max_terminal_slack= 4.04067100e-03 7.87062743e-04 7.37128482e-05
stress_final_alpha_hat=0.96999620
stress_final_beta_hat=0.86511307
comparison_bilinear_koopman_mpc_impact_satisfied=0
comparison_bilinear_koopman_mpc_captured=0
comparison_bilinear_koopman_mpc_final_range_m=787.41733925
comparison_bilinear_koopman_mpc_impact_time_s=40.00000000
comparison_bilinear_koopman_mpc_impact_time_error_s=0.00000000
comparison_bilinear_koopman_mpc_impact_range_m=190.24022312
comparison_bilinear_koopman_mpc_impact_heading_deg=26.81685683
comparison_bilinear_koopman_mpc_impact_heading_error_deg=-3.18314317
comparison_bilinear_koopman_mpc_final_heading_deg=31.23145289
comparison_bilinear_koopman_mpc_max_command_mps2=97.44000000
comparison_bilinear_koopman_mpc_max_acceleration_mps2=97.43999998
comparison_bilinear_koopman_mpc_qp_failures=8
comparison_bilinear_koopman_mpc_mean_solve_time_ms=8.07941952
comparison_bilinear_koopman_mpc_max_solve_time_ms=15.87600000
comparison_bilinear_koopman_mpc_max_look_angle_deg=75.91605595
comparison_bilinear_koopman_mpc_fov_limit_deg=Inf
comparison_bilinear_koopman_mpc_fov_violation_deg=0.00000000
comparison_bilinear_koopman_mpc_mean_xi=0.03706269
comparison_bilinear_koopman_mpc_max_prediction_error=0.12959178
comparison_bilinear_koopman_mpc_max_terminal_slack= 1.52817089e-02 1.07839516e-02 1.57155285e-02
comparison_bilinear_koopman_mpc_final_alpha_hat=0.99995797
comparison_bilinear_koopman_mpc_final_beta_hat=1.02890279
