Stationary-target Koopman guidance validation
max_bilinear_consistency_error=2.394466272609e-11
one_step_nrmse= 4.26206631e-06 2.85998375e-06 2.60911664e-09
one_step_rolling_nrmse= 3.20483713e-02 2.16912261e-02 5.35283902e-08
multi_step_nrmse= 2.48015651e-02 1.65831059e-02 7.04826296e-09
bilinear_rolling_nrmse= 4.13174171e-05 3.93918463e-05 5.61725553e-08
one_step_residual95= 2.06716944e-06 1.37096610e-06 2.71165576e-09
tube_bound99_terminal= 7.50452970e-05 7.65961485e-05 2.27959709e-07
terminal_tol= 4.19815281e-04 5.00000000e-04 5.23598776e-02
terminal_tightening= 7.50452970e-05 7.65961485e-05 2.27959709e-07
terminal_tol_tight= 3.44769984e-04 4.23403852e-04 5.23596496e-02
nominal_impact_satisfied=0
nominal_captured=0
nominal_final_range_m=577.92340584
nominal_impact_time_s=39.70000000
nominal_impact_time_error_s=0.00000000
nominal_impact_range_m=34.43913971
nominal_impact_heading_deg=32.93516385
nominal_impact_heading_error_deg=2.93516385
nominal_final_heading_deg=31.44611657
nominal_max_command_mps2=93.60000000
nominal_max_acceleration_mps2=93.59999999
nominal_qp_failures=2
nominal_mean_solve_time_ms=5.70443789
nominal_max_solve_time_ms=154.06410000
nominal_max_look_angle_deg=76.62947494
nominal_fov_limit_deg=Inf
nominal_fov_violation_deg=0.00000000
nominal_mean_xi=0.00213518
nominal_max_prediction_error=0.11436547
nominal_max_terminal_slack= 1.66218801e-03 2.57602829e-03 5.55109145e-04
nominal_final_alpha_hat=0.99999030
nominal_final_beta_hat=0.85000000
stress_impact_satisfied=0
stress_captured=0
stress_final_range_m=327.28548569
stress_impact_time_s=39.70000000
stress_impact_time_error_s=0.00000000
stress_impact_range_m=289.98022885
stress_impact_heading_deg=30.00897912
stress_impact_heading_error_deg=0.00897912
stress_final_heading_deg=36.11957383
stress_max_command_mps2=93.60000000
stress_max_acceleration_mps2=93.60000000
stress_qp_failures=7
stress_mean_solve_time_ms=5.17229305
stress_max_solve_time_ms=10.36380000
stress_max_look_angle_deg=76.11015409
stress_fov_limit_deg=Inf
stress_fov_violation_deg=0.00000000
stress_mean_xi=0.05592961
stress_max_prediction_error=0.13856593
stress_max_terminal_slack= 2.29053587e-02 2.18066463e-02 1.00832949e-02
stress_final_alpha_hat=0.97003937
stress_final_beta_hat=0.85000000
comparison_bilinear_koopman_mpc_impact_satisfied=0
comparison_bilinear_koopman_mpc_captured=0
comparison_bilinear_koopman_mpc_final_range_m=577.92340584
comparison_bilinear_koopman_mpc_impact_time_s=39.70000000
comparison_bilinear_koopman_mpc_impact_time_error_s=0.00000000
comparison_bilinear_koopman_mpc_impact_range_m=34.43913971
comparison_bilinear_koopman_mpc_impact_heading_deg=32.93516385
comparison_bilinear_koopman_mpc_impact_heading_error_deg=2.93516385
comparison_bilinear_koopman_mpc_final_heading_deg=31.44611657
comparison_bilinear_koopman_mpc_max_command_mps2=93.60000000
comparison_bilinear_koopman_mpc_max_acceleration_mps2=93.59999999
comparison_bilinear_koopman_mpc_qp_failures=2
comparison_bilinear_koopman_mpc_mean_solve_time_ms=5.70443789
comparison_bilinear_koopman_mpc_max_solve_time_ms=154.06410000
comparison_bilinear_koopman_mpc_max_look_angle_deg=76.62947494
comparison_bilinear_koopman_mpc_fov_limit_deg=Inf
comparison_bilinear_koopman_mpc_fov_violation_deg=0.00000000
comparison_bilinear_koopman_mpc_mean_xi=0.00213518
comparison_bilinear_koopman_mpc_max_prediction_error=0.11436547
comparison_bilinear_koopman_mpc_max_terminal_slack= 1.66218801e-03 2.57602829e-03 5.55109145e-04
comparison_bilinear_koopman_mpc_final_alpha_hat=0.99999030
comparison_bilinear_koopman_mpc_final_beta_hat=0.85000000
