Stationary-target Koopman guidance validation
max_bilinear_consistency_error=2.394466272609e-11
one_step_nrmse= 3.68712203e-06 3.40536882e-06 5.06774233e-03
one_step_rolling_nrmse= 4.32594036e-02 3.90144193e-02 1.28265812e-01
multi_step_nrmse= 2.88863461e-02 2.79779986e-02 2.12090611e-02
bilinear_rolling_nrmse= 4.55217843e-05 5.11908031e-05 9.27828293e-02
one_step_residual95= 1.89018775e-06 1.54443787e-06 4.91304214e-03
tube_bound99_terminal= 7.47620275e-05 8.36519415e-05 5.07967948e-01
terminal_tol= 4.16666667e-04 5.00000000e-04 5.23598776e-02
terminal_tightening= 7.47620275e-05 8.36519415e-05 4.18879020e-02
terminal_tol_tight= 3.41904639e-04 4.16348058e-04 1.04719755e-02
nominal_impact_satisfied=0
nominal_captured=0
nominal_final_range_m=652.78284408
nominal_impact_time_s=40.00000000
nominal_impact_time_error_s=0.00000000
nominal_impact_range_m=53.18924675
nominal_impact_heading_deg=28.51634983
nominal_impact_heading_error_deg=-1.48365017
nominal_final_heading_deg=21.85609588
nominal_max_command_mps2=97.44000000
nominal_max_acceleration_mps2=97.43998510
nominal_qp_failures=16
nominal_mean_solve_time_ms=10.61909262
nominal_max_solve_time_ms=21.38180000
nominal_max_look_angle_deg=64.68382781
nominal_fov_limit_deg=Inf
nominal_fov_violation_deg=0.00000000
nominal_mean_xi=0.20618386
nominal_max_prediction_error=0.12965430
nominal_max_terminal_slack= 4.10664797e-03 3.67008531e-04 9.51746468e-04
nominal_final_alpha_hat=1.00006681
nominal_final_beta_hat=0.85000000
stress_impact_satisfied=0
stress_captured=0
stress_final_range_m=359.81025760
stress_impact_time_s=40.00000000
stress_impact_time_error_s=0.00000000
stress_impact_range_m=222.07259305
stress_impact_heading_deg=29.96629259
stress_impact_heading_error_deg=-0.03370741
stress_final_heading_deg=26.17593556
stress_max_command_mps2=97.44000000
stress_max_acceleration_mps2=97.43998510
stress_qp_failures=35
stress_mean_solve_time_ms=11.15839048
stress_max_solve_time_ms=24.67860000
stress_max_look_angle_deg=64.08280911
stress_fov_limit_deg=Inf
stress_fov_violation_deg=0.00000000
stress_mean_xi=0.30378995
stress_max_prediction_error=0.14500617
stress_max_terminal_slack= 1.81717859e-02 4.69896248e-04 2.06442338e-03
stress_final_alpha_hat=0.97001096
stress_final_beta_hat=0.85000000
comparison_bilinear_koopman_mpc_impact_satisfied=0
comparison_bilinear_koopman_mpc_captured=0
comparison_bilinear_koopman_mpc_final_range_m=652.78284408
comparison_bilinear_koopman_mpc_impact_time_s=40.00000000
comparison_bilinear_koopman_mpc_impact_time_error_s=0.00000000
comparison_bilinear_koopman_mpc_impact_range_m=53.18924675
comparison_bilinear_koopman_mpc_impact_heading_deg=28.51634983
comparison_bilinear_koopman_mpc_impact_heading_error_deg=-1.48365017
comparison_bilinear_koopman_mpc_final_heading_deg=21.85609588
comparison_bilinear_koopman_mpc_max_command_mps2=97.44000000
comparison_bilinear_koopman_mpc_max_acceleration_mps2=97.43998510
comparison_bilinear_koopman_mpc_qp_failures=16
comparison_bilinear_koopman_mpc_mean_solve_time_ms=10.61909262
comparison_bilinear_koopman_mpc_max_solve_time_ms=21.38180000
comparison_bilinear_koopman_mpc_max_look_angle_deg=64.68382781
comparison_bilinear_koopman_mpc_fov_limit_deg=Inf
comparison_bilinear_koopman_mpc_fov_violation_deg=0.00000000
comparison_bilinear_koopman_mpc_mean_xi=0.20618386
comparison_bilinear_koopman_mpc_max_prediction_error=0.12965430
comparison_bilinear_koopman_mpc_max_terminal_slack= 4.10664797e-03 3.67008531e-04 9.51746468e-04
comparison_bilinear_koopman_mpc_final_alpha_hat=1.00006681
comparison_bilinear_koopman_mpc_final_beta_hat=0.85000000
