Stationary-target Koopman guidance validation
max_bilinear_consistency_error=3.990769541928e-11
one_step_nrmse= 6.94051044e-06 3.04252701e-06 2.35273432e-09
one_step_rolling_nrmse= 3.03062990e-02 1.37588408e-02 5.02415057e-08
multi_step_nrmse= 2.28144338e-02 9.87078516e-03 9.63878017e-09
bilinear_rolling_nrmse= 3.92062254e-05 3.29067016e-05 7.08782876e-08
one_step_residual95= 4.19513834e-06 1.45451625e-06 1.93526339e-09
tube_bound99_terminal= 7.19908078e-05 8.46693975e-05 4.03550804e-07
terminal_tol= 1.53609831e-03 1.66666667e-03 5.23598776e-02
terminal_tightening= 7.19908078e-05 8.46693975e-05 4.03550804e-07
terminal_tol_tight= 1.46410750e-03 1.58199727e-03 5.23594740e-02
nominal_impact_satisfied=0
nominal_captured=0
nominal_final_range_m=828.05574863
nominal_impact_time_s=21.70000000
nominal_impact_time_error_s=0.00000000
nominal_impact_range_m=229.60778954
nominal_impact_heading_deg=-5.02306614
nominal_impact_heading_error_deg=-3.02306614
nominal_final_heading_deg=-3.11084921
nominal_max_command_mps2=93.60000000
nominal_max_acceleration_mps2=91.62492474
nominal_qp_failures=0
nominal_mean_solve_time_ms=27.90217806
nominal_max_solve_time_ms=94.52400000
nominal_max_look_angle_deg=11.46486198
nominal_fov_limit_deg=12.00000000
nominal_fov_violation_deg=0.00000000
nominal_mean_xi=0.09582931
nominal_max_prediction_error=0.12474266
nominal_max_terminal_slack= 3.35590341e-02 4.41071443e-03 9.05848125e-03
nominal_final_alpha_hat=0.99998744
nominal_final_beta_hat=0.85000000
stress_impact_satisfied=0
stress_captured=0
stress_final_range_m=632.16752073
stress_impact_time_s=21.70000000
stress_impact_time_error_s=0.00000000
stress_impact_range_m=50.19646722
stress_impact_heading_deg=-1.21047193
stress_impact_heading_error_deg=0.78952807
stress_final_heading_deg=-1.47030675
stress_max_command_mps2=24.27310808
stress_max_acceleration_mps2=24.15584515
stress_qp_failures=0
stress_mean_solve_time_ms=28.69431814
stress_max_solve_time_ms=79.84030000
stress_max_look_angle_deg=11.65885275
stress_fov_limit_deg=12.00000000
stress_fov_violation_deg=0.00000000
stress_mean_xi=0.45306088
stress_max_prediction_error=0.01348180
stress_max_terminal_slack= 6.17738645e-03 1.08759146e-04 5.78211050e-05
stress_final_alpha_hat=0.96999947
stress_final_beta_hat=0.97192343
comparison_bilinear_koopman_mpc_impact_satisfied=0
comparison_bilinear_koopman_mpc_captured=0
comparison_bilinear_koopman_mpc_final_range_m=828.05574863
comparison_bilinear_koopman_mpc_impact_time_s=21.70000000
comparison_bilinear_koopman_mpc_impact_time_error_s=0.00000000
comparison_bilinear_koopman_mpc_impact_range_m=229.60778954
comparison_bilinear_koopman_mpc_impact_heading_deg=-5.02306614
comparison_bilinear_koopman_mpc_impact_heading_error_deg=-3.02306614
comparison_bilinear_koopman_mpc_final_heading_deg=-3.11084921
comparison_bilinear_koopman_mpc_max_command_mps2=93.60000000
comparison_bilinear_koopman_mpc_max_acceleration_mps2=91.62492474
comparison_bilinear_koopman_mpc_qp_failures=0
comparison_bilinear_koopman_mpc_mean_solve_time_ms=27.90217806
comparison_bilinear_koopman_mpc_max_solve_time_ms=94.52400000
comparison_bilinear_koopman_mpc_max_look_angle_deg=11.46486198
comparison_bilinear_koopman_mpc_fov_limit_deg=12.00000000
comparison_bilinear_koopman_mpc_fov_violation_deg=0.00000000
comparison_bilinear_koopman_mpc_mean_xi=0.09582931
comparison_bilinear_koopman_mpc_max_prediction_error=0.12474266
comparison_bilinear_koopman_mpc_max_terminal_slack= 3.35590341e-02 4.41071443e-03 9.05848125e-03
comparison_bilinear_koopman_mpc_final_alpha_hat=0.99998744
comparison_bilinear_koopman_mpc_final_beta_hat=0.85000000
