Stationary-target Koopman guidance validation
max_bilinear_consistency_error=2.394466272609e-11
one_step_nrmse= 3.67544224e-06 2.88630388e-06 4.53189856e-03
one_step_rolling_nrmse= 5.62781532e-02 3.99583183e-02 1.14154751e-01
multi_step_nrmse= 4.95910323e-02 2.88029669e-02 9.22731921e-03
bilinear_rolling_nrmse= 6.08361753e-05 6.50660528e-05 8.89176251e-02
one_step_residual95= 1.78367270e-06 1.20805435e-06 3.85815238e-03
tube_bound99_terminal= 1.04281825e-04 1.03847909e-04 4.04115657e-01
terminal_tol= 4.16666667e-04 5.00000000e-04 5.23598776e-02
terminal_tightening= 1.04281825e-04 1.03847909e-04 4.18879020e-02
terminal_tol_tight= 3.12384842e-04 3.96152091e-04 1.04719755e-02
nominal_impact_satisfied=0
nominal_captured=0
nominal_final_range_m=20336.19564811
nominal_impact_time_s=40.00000000
nominal_impact_time_error_s=0.00000000
nominal_impact_range_m=19743.90581069
nominal_impact_heading_deg=-151.52850953
nominal_impact_heading_error_deg=178.47149047
nominal_final_heading_deg=-151.52850953
nominal_max_command_mps2=97.44000000
nominal_max_acceleration_mps2=97.44000000
nominal_qp_failures=348
nominal_mean_solve_time_ms=6.62613286
nominal_max_solve_time_ms=67.00050000
nominal_max_look_angle_deg=170.66673644
nominal_fov_limit_deg=Inf
nominal_fov_violation_deg=0.00000000
nominal_mean_xi=0.08978752
nominal_max_prediction_error=5.13099609
nominal_max_terminal_slack= 4.66578813e-09 4.91692107e-08 9.77787687e-08
nominal_final_alpha_hat=1.00000000
nominal_final_beta_hat=0.85000000
stress_impact_satisfied=0
stress_captured=0
stress_final_range_m=19853.19115768
stress_impact_time_s=40.00000000
stress_impact_time_error_s=0.00000000
stress_impact_range_m=19279.70515417
stress_impact_heading_deg=-150.18948596
stress_impact_heading_error_deg=179.81051404
stress_final_heading_deg=-150.18948596
stress_max_command_mps2=97.44000000
stress_max_acceleration_mps2=97.44000000
stress_qp_failures=343
stress_mean_solve_time_ms=7.03261190
stress_max_solve_time_ms=72.67720000
stress_max_look_angle_deg=170.04133301
stress_fov_limit_deg=Inf
stress_fov_violation_deg=0.00000000
stress_mean_xi=0.09495741
stress_max_prediction_error=5.16524008
stress_max_terminal_slack= 3.95640288e-09 4.47134151e-08 9.84511680e-08
stress_final_alpha_hat=0.97000000
stress_final_beta_hat=0.85000000
comparison_bilinear_koopman_mpc_impact_satisfied=0
comparison_bilinear_koopman_mpc_captured=0
comparison_bilinear_koopman_mpc_final_range_m=20336.19564811
comparison_bilinear_koopman_mpc_impact_time_s=40.00000000
comparison_bilinear_koopman_mpc_impact_time_error_s=0.00000000
comparison_bilinear_koopman_mpc_impact_range_m=19743.90581069
comparison_bilinear_koopman_mpc_impact_heading_deg=-151.52850953
comparison_bilinear_koopman_mpc_impact_heading_error_deg=178.47149047
comparison_bilinear_koopman_mpc_final_heading_deg=-151.52850953
comparison_bilinear_koopman_mpc_max_command_mps2=97.44000000
comparison_bilinear_koopman_mpc_max_acceleration_mps2=97.44000000
comparison_bilinear_koopman_mpc_qp_failures=348
comparison_bilinear_koopman_mpc_mean_solve_time_ms=6.62613286
comparison_bilinear_koopman_mpc_max_solve_time_ms=67.00050000
comparison_bilinear_koopman_mpc_max_look_angle_deg=170.66673644
comparison_bilinear_koopman_mpc_fov_limit_deg=Inf
comparison_bilinear_koopman_mpc_fov_violation_deg=0.00000000
comparison_bilinear_koopman_mpc_mean_xi=0.08978752
comparison_bilinear_koopman_mpc_max_prediction_error=5.13099609
comparison_bilinear_koopman_mpc_max_terminal_slack= 4.66578813e-09 4.91692107e-08 9.77787687e-08
comparison_bilinear_koopman_mpc_final_alpha_hat=1.00000000
comparison_bilinear_koopman_mpc_final_beta_hat=0.85000000
