Stationary-target Koopman guidance validation
max_bilinear_consistency_error=2.394466272609e-11
one_step_nrmse= 3.75296640e-06 2.78970863e-06 3.15471740e-09
one_step_rolling_nrmse= 1.56771267e-02 1.25889323e-02 6.65968230e-08
multi_step_nrmse= 1.19240501e-02 9.14863918e-03 1.20003388e-08
bilinear_rolling_nrmse= 2.32283511e-05 1.93657653e-05 7.75580594e-08
one_step_residual95= 1.98063319e-06 1.37087823e-06 3.60302940e-09
tube_bound99_terminal= 4.82280773e-05 3.78212430e-05 3.81635266e-07
terminal_tol= 4.16666667e-04 5.00000000e-04 5.23598776e-02
terminal_tightening= 4.82280773e-05 3.78212430e-05 3.81635266e-07
terminal_tol_tight= 3.68438589e-04 4.62178757e-04 5.23594959e-02
nominal_impact_satisfied=0
nominal_captured=0
nominal_final_range_m=1121.46209900
nominal_impact_time_s=40.00000000
nominal_impact_time_error_s=0.00000000
nominal_impact_range_m=521.46589058
nominal_impact_heading_deg=30.18183860
nominal_impact_heading_error_deg=0.18183860
nominal_final_heading_deg=30.89424369
nominal_max_command_mps2=93.60000000
nominal_max_acceleration_mps2=93.59806972
nominal_qp_failures=0
nominal_mean_solve_time_ms=5.12807071
nominal_max_solve_time_ms=133.41060000
nominal_max_look_angle_deg=179.68057248
nominal_fov_limit_deg=Inf
nominal_fov_violation_deg=0.00000000
nominal_mean_xi=0.09783141
nominal_max_prediction_error=0.07724515
nominal_max_terminal_slack= 4.30414544e-02 2.03293232e-03 1.80352307e-04
nominal_final_alpha_hat=1.00000089
nominal_final_beta_hat=0.87686612
stress_impact_satisfied=0
stress_captured=0
stress_final_range_m=807.11631596
stress_impact_time_s=40.00000000
stress_impact_time_error_s=0.00000000
stress_impact_range_m=225.32447701
stress_impact_heading_deg=29.05975347
stress_impact_heading_error_deg=-0.94024653
stress_final_heading_deg=28.31994128
stress_max_command_mps2=93.60000000
stress_max_acceleration_mps2=93.59806972
stress_qp_failures=0
stress_mean_solve_time_ms=4.68207786
stress_max_solve_time_ms=10.75310000
stress_max_look_angle_deg=50.92059740
stress_fov_limit_deg=Inf
stress_fov_violation_deg=0.00000000
stress_mean_xi=0.17333057
stress_max_prediction_error=0.07752186
stress_max_terminal_slack= 1.83550362e-02 3.30530990e-04 1.23337232e-05
stress_final_alpha_hat=0.97000303
stress_final_beta_hat=0.89441700
comparison_bilinear_koopman_mpc_impact_satisfied=0
comparison_bilinear_koopman_mpc_captured=0
comparison_bilinear_koopman_mpc_final_range_m=1121.46209900
comparison_bilinear_koopman_mpc_impact_time_s=40.00000000
comparison_bilinear_koopman_mpc_impact_time_error_s=0.00000000
comparison_bilinear_koopman_mpc_impact_range_m=521.46589058
comparison_bilinear_koopman_mpc_impact_heading_deg=30.18183860
comparison_bilinear_koopman_mpc_impact_heading_error_deg=0.18183860
comparison_bilinear_koopman_mpc_final_heading_deg=30.89424369
comparison_bilinear_koopman_mpc_max_command_mps2=93.60000000
comparison_bilinear_koopman_mpc_max_acceleration_mps2=93.59806972
comparison_bilinear_koopman_mpc_qp_failures=0
comparison_bilinear_koopman_mpc_mean_solve_time_ms=5.12807071
comparison_bilinear_koopman_mpc_max_solve_time_ms=133.41060000
comparison_bilinear_koopman_mpc_max_look_angle_deg=179.68057248
comparison_bilinear_koopman_mpc_fov_limit_deg=Inf
comparison_bilinear_koopman_mpc_fov_violation_deg=0.00000000
comparison_bilinear_koopman_mpc_mean_xi=0.09783141
comparison_bilinear_koopman_mpc_max_prediction_error=0.07724515
comparison_bilinear_koopman_mpc_max_terminal_slack= 4.30414544e-02 2.03293232e-03 1.80352307e-04
comparison_bilinear_koopman_mpc_final_alpha_hat=1.00000089
comparison_bilinear_koopman_mpc_final_beta_hat=0.87686612
