Stationary-target Koopman guidance validation
max_bilinear_consistency_error=2.394466272609e-11
one_step_nrmse= 2.69169800e-06 4.09473090e-06 5.40152779e-09
one_step_rolling_nrmse= 1.11795254e-02 1.77532482e-02 1.28738012e-07
multi_step_nrmse= 8.44770726e-03 1.32723969e-02 2.71074829e-08
bilinear_rolling_nrmse= 2.10898259e-05 2.25012689e-05 1.35436294e-07
one_step_residual95= 1.21112571e-06 2.25903169e-06 6.19150271e-09
tube_bound99_terminal= 4.51614355e-05 4.20659209e-05 5.47800184e-07
terminal_tol= 4.16666667e-04 5.00000000e-04 5.23598776e-02
terminal_tightening= 4.51614355e-05 4.20659209e-05 5.47800184e-07
terminal_tol_tight= 3.71505231e-04 4.57934079e-04 5.23593298e-02
nominal_impact_satisfied=0
nominal_captured=0
nominal_final_range_m=11069.46417907
nominal_impact_time_s=33.30000000
nominal_impact_time_error_s=-6.70000000
nominal_impact_range_m=238.00523124
nominal_impact_heading_deg=44.14430295
nominal_impact_heading_error_deg=-15.85569705
nominal_final_heading_deg=59.99912158
nominal_max_command_mps2=93.60000000
nominal_max_acceleration_mps2=93.59879446
nominal_qp_failures=0
nominal_mean_solve_time_ms=4.65852843
nominal_max_solve_time_ms=154.06860000
nominal_max_look_angle_deg=178.08362258
nominal_fov_limit_deg=Inf
nominal_fov_violation_deg=0.00000000
nominal_mean_xi=0.03033355
nominal_max_prediction_error=0.12610013
nominal_max_terminal_slack= 4.98408198e-08 7.78528322e-01 4.38039368e-01
nominal_final_alpha_hat=1.00000000
nominal_final_beta_hat=1.03855993
stress_impact_satisfied=0
stress_captured=0
stress_final_range_m=10447.54610809
stress_impact_time_s=34.30000000
stress_impact_time_error_s=-5.70000000
stress_impact_range_m=235.50602096
stress_impact_heading_deg=43.82387514
stress_impact_heading_error_deg=-16.17612486
stress_final_heading_deg=59.99855542
stress_max_command_mps2=93.60000000
stress_max_acceleration_mps2=93.59961474
stress_qp_failures=0
stress_mean_solve_time_ms=3.81031671
stress_max_solve_time_ms=8.66820000
stress_max_look_angle_deg=177.03854162
stress_fov_limit_deg=Inf
stress_fov_violation_deg=0.00000000
stress_mean_xi=0.03346781
stress_max_prediction_error=0.12647026
stress_max_terminal_slack= 4.98452492e-08 7.78528322e-01 4.39679663e-01
stress_final_alpha_hat=0.97000000
stress_final_beta_hat=1.00651468
comparison_bilinear_koopman_mpc_impact_satisfied=0
comparison_bilinear_koopman_mpc_captured=0
comparison_bilinear_koopman_mpc_final_range_m=11069.46417907
comparison_bilinear_koopman_mpc_impact_time_s=33.30000000
comparison_bilinear_koopman_mpc_impact_time_error_s=-6.70000000
comparison_bilinear_koopman_mpc_impact_range_m=238.00523124
comparison_bilinear_koopman_mpc_impact_heading_deg=44.14430295
comparison_bilinear_koopman_mpc_impact_heading_error_deg=-15.85569705
comparison_bilinear_koopman_mpc_final_heading_deg=59.99912158
comparison_bilinear_koopman_mpc_max_command_mps2=93.60000000
comparison_bilinear_koopman_mpc_max_acceleration_mps2=93.59879446
comparison_bilinear_koopman_mpc_qp_failures=0
comparison_bilinear_koopman_mpc_mean_solve_time_ms=4.65852843
comparison_bilinear_koopman_mpc_max_solve_time_ms=154.06860000
comparison_bilinear_koopman_mpc_max_look_angle_deg=178.08362258
comparison_bilinear_koopman_mpc_fov_limit_deg=Inf
comparison_bilinear_koopman_mpc_fov_violation_deg=0.00000000
comparison_bilinear_koopman_mpc_mean_xi=0.03033355
comparison_bilinear_koopman_mpc_max_prediction_error=0.12610013
comparison_bilinear_koopman_mpc_max_terminal_slack= 4.98408198e-08 7.78528322e-01 4.38039368e-01
comparison_bilinear_koopman_mpc_final_alpha_hat=1.00000000
comparison_bilinear_koopman_mpc_final_beta_hat=1.03855993
