Stationary-target Koopman guidance validation
max_bilinear_consistency_error=2.394466272609e-11
one_step_nrmse= 4.26206238e-06 2.85998375e-06 2.60912399e-09
one_step_rolling_nrmse= 3.20483714e-02 2.16912261e-02 5.35285327e-08
multi_step_nrmse= 2.48015651e-02 1.65831059e-02 7.04826965e-09
bilinear_rolling_nrmse= 4.13177304e-05 3.93918463e-05 5.61724195e-08
one_step_residual95= 2.05168108e-06 1.37096611e-06 2.71166256e-09
tube_bound99_terminal= 7.44824102e-05 7.65961483e-05 2.27959208e-07
terminal_tol= 4.16666667e-04 5.00000000e-04 5.23598776e-02
terminal_tightening= 7.44824102e-05 7.65961483e-05 2.27959208e-07
terminal_tol_tight= 3.42184256e-04 4.23403852e-04 5.23596496e-02
nominal_impact_satisfied=0
nominal_captured=0
nominal_final_range_m=540.73218330
nominal_impact_time_s=40.00000000
nominal_impact_time_error_s=0.00000000
nominal_impact_range_m=66.90897548
nominal_impact_heading_deg=26.91809876
nominal_impact_heading_error_deg=-3.08190124
nominal_final_heading_deg=30.79320126
nominal_max_command_mps2=93.60000000
nominal_max_acceleration_mps2=93.58627358
nominal_qp_failures=3
nominal_mean_solve_time_ms=32.02449571
nominal_max_solve_time_ms=427.36680000
nominal_max_look_angle_deg=78.35789073
nominal_fov_limit_deg=Inf
nominal_fov_violation_deg=0.00000000
nominal_mean_xi=0.00320767
nominal_max_prediction_error=0.10722060
nominal_max_terminal_slack= 4.57666113e-03 3.10769234e-03 1.42945075e-03
nominal_final_alpha_hat=0.99998738
nominal_final_beta_hat=0.85000000
stress_impact_satisfied=0
stress_captured=0
stress_final_range_m=284.77040095
stress_impact_time_s=40.00000000
stress_impact_time_error_s=0.00000000
stress_impact_range_m=330.26060628
stress_impact_heading_deg=28.50623491
stress_impact_heading_error_deg=-1.49376509
stress_final_heading_deg=34.33099080
stress_max_command_mps2=100.00000000
stress_max_acceleration_mps2=93.58627358
stress_qp_failures=7
stress_mean_solve_time_ms=32.14030262
stress_max_solve_time_ms=407.41190000
stress_max_look_angle_deg=78.01672313
stress_fov_limit_deg=Inf
stress_fov_violation_deg=0.00000000
stress_mean_xi=0.02218929
stress_max_prediction_error=0.12542313
stress_max_terminal_slack= 2.59666711e-02 1.29469891e-02 1.18525156e-02
stress_final_alpha_hat=0.97001815
stress_final_beta_hat=0.85000000
comparison_bilinear_koopman_mpc_impact_satisfied=0
comparison_bilinear_koopman_mpc_captured=0
comparison_bilinear_koopman_mpc_final_range_m=540.73218330
comparison_bilinear_koopman_mpc_impact_time_s=40.00000000
comparison_bilinear_koopman_mpc_impact_time_error_s=0.00000000
comparison_bilinear_koopman_mpc_impact_range_m=66.90897548
comparison_bilinear_koopman_mpc_impact_heading_deg=26.91809876
comparison_bilinear_koopman_mpc_impact_heading_error_deg=-3.08190124
comparison_bilinear_koopman_mpc_final_heading_deg=30.79320126
comparison_bilinear_koopman_mpc_max_command_mps2=93.60000000
comparison_bilinear_koopman_mpc_max_acceleration_mps2=93.58627358
comparison_bilinear_koopman_mpc_qp_failures=3
comparison_bilinear_koopman_mpc_mean_solve_time_ms=32.02449571
comparison_bilinear_koopman_mpc_max_solve_time_ms=427.36680000
comparison_bilinear_koopman_mpc_max_look_angle_deg=78.35789073
comparison_bilinear_koopman_mpc_fov_limit_deg=Inf
comparison_bilinear_koopman_mpc_fov_violation_deg=0.00000000
comparison_bilinear_koopman_mpc_mean_xi=0.00320767
comparison_bilinear_koopman_mpc_max_prediction_error=0.10722060
comparison_bilinear_koopman_mpc_max_terminal_slack= 4.57666113e-03 3.10769234e-03 1.42945075e-03
comparison_bilinear_koopman_mpc_final_alpha_hat=0.99998738
comparison_bilinear_koopman_mpc_final_beta_hat=0.85000000
