Stationary-target Koopman guidance validation
max_bilinear_consistency_error=3.990769541928e-11
one_step_nrmse= 6.94051044e-06 3.04252701e-06 2.35273432e-09
one_step_rolling_nrmse= 3.03062990e-02 1.37588408e-02 5.02415057e-08
multi_step_nrmse= 2.28144338e-02 9.87078516e-03 9.63878017e-09
bilinear_rolling_nrmse= 3.92062254e-05 3.29067016e-05 7.08782876e-08
one_step_residual95= 4.19513834e-06 1.45451625e-06 1.93526339e-09
tube_bound99_terminal= 7.19908078e-05 8.46693975e-05 4.03550804e-07
terminal_tol= 1.53609831e-03 1.66666667e-03 5.23598776e-02
terminal_tightening= 7.19908078e-05 8.46693975e-05 4.03550804e-07
terminal_tol_tight= 1.46410750e-03 1.58199727e-03 5.23594740e-02
nominal_impact_satisfied=0
nominal_captured=0
nominal_final_range_m=749.86184962
nominal_impact_time_s=21.70000000
nominal_impact_time_error_s=0.00000000
nominal_impact_range_m=151.00266298
nominal_impact_heading_deg=-2.00572511
nominal_impact_heading_error_deg=-0.00572511
nominal_final_heading_deg=-0.99810413
nominal_max_command_mps2=93.60000000
nominal_max_acceleration_mps2=91.74902344
nominal_qp_failures=0
nominal_mean_solve_time_ms=20.18407384
nominal_max_solve_time_ms=36.36410000
nominal_max_look_angle_deg=19.68895698
nominal_fov_limit_deg=20.00000000
nominal_fov_violation_deg=0.00000000
nominal_mean_xi=0.03478793
nominal_max_prediction_error=0.07718634
nominal_max_terminal_slack= 2.14191730e-02 2.06182778e-03 2.58893827e-04
nominal_final_alpha_hat=0.99999998
nominal_final_beta_hat=0.85000000
stress_impact_satisfied=0
stress_captured=0
stress_final_range_m=547.31666235
stress_impact_time_s=21.70000000
stress_impact_time_error_s=0.00000000
stress_impact_range_m=35.36957256
stress_impact_heading_deg=-1.02940164
stress_impact_heading_error_deg=0.97059836
stress_final_heading_deg=-1.28599895
stress_max_command_mps2=93.60000000
stress_max_acceleration_mps2=91.74902344
stress_qp_failures=0
stress_mean_solve_time_ms=19.99305781
stress_max_solve_time_ms=35.29950000
stress_max_look_angle_deg=19.77818849
stress_fov_limit_deg=20.00000000
stress_fov_violation_deg=0.00000000
stress_mean_xi=0.17410706
stress_max_prediction_error=0.07556634
stress_max_terminal_slack= 3.88220038e-03 9.91040664e-05 1.26107543e-05
stress_final_alpha_hat=0.96999973
stress_final_beta_hat=0.95169263
comparison_bilinear_koopman_mpc_impact_satisfied=0
comparison_bilinear_koopman_mpc_captured=0
comparison_bilinear_koopman_mpc_final_range_m=749.86184962
comparison_bilinear_koopman_mpc_impact_time_s=21.70000000
comparison_bilinear_koopman_mpc_impact_time_error_s=0.00000000
comparison_bilinear_koopman_mpc_impact_range_m=151.00266298
comparison_bilinear_koopman_mpc_impact_heading_deg=-2.00572511
comparison_bilinear_koopman_mpc_impact_heading_error_deg=-0.00572511
comparison_bilinear_koopman_mpc_final_heading_deg=-0.99810413
comparison_bilinear_koopman_mpc_max_command_mps2=93.60000000
comparison_bilinear_koopman_mpc_max_acceleration_mps2=91.74902344
comparison_bilinear_koopman_mpc_qp_failures=0
comparison_bilinear_koopman_mpc_mean_solve_time_ms=20.18407384
comparison_bilinear_koopman_mpc_max_solve_time_ms=36.36410000
comparison_bilinear_koopman_mpc_max_look_angle_deg=19.68895698
comparison_bilinear_koopman_mpc_fov_limit_deg=20.00000000
comparison_bilinear_koopman_mpc_fov_violation_deg=0.00000000
comparison_bilinear_koopman_mpc_mean_xi=0.03478793
comparison_bilinear_koopman_mpc_max_prediction_error=0.07718634
comparison_bilinear_koopman_mpc_max_terminal_slack= 2.14191730e-02 2.06182778e-03 2.58893827e-04
comparison_bilinear_koopman_mpc_final_alpha_hat=0.99999998
comparison_bilinear_koopman_mpc_final_beta_hat=0.85000000
