Stationary-target Koopman guidance validation
max_bilinear_consistency_error=2.394466272609e-11
one_step_nrmse= 2.69169800e-06 4.09473090e-06 5.40152779e-09
one_step_rolling_nrmse= 1.11795254e-02 1.77532482e-02 1.28738012e-07
multi_step_nrmse= 8.44770726e-03 1.32723969e-02 2.71074829e-08
bilinear_rolling_nrmse= 2.10898259e-05 2.25012689e-05 1.35436294e-07
one_step_residual95= 1.21112571e-06 2.25903169e-06 6.19150271e-09
tube_bound99_terminal= 4.51614355e-05 4.20659209e-05 5.47800184e-07
terminal_tol= 4.16666667e-04 5.00000000e-04 5.23598776e-02
terminal_tightening= 4.51614355e-05 4.20659209e-05 5.47800184e-07
terminal_tol_tight= 3.71505231e-04 4.57934079e-04 5.23593298e-02
nominal_impact_satisfied=0
nominal_captured=0
nominal_final_range_m=11702.40660843
nominal_impact_time_s=32.90000000
nominal_impact_time_error_s=-7.10000000
nominal_impact_range_m=1131.32720128
nominal_impact_heading_deg=10.84824755
nominal_impact_heading_error_deg=-49.15175245
nominal_final_heading_deg=60.00082360
nominal_max_command_mps2=69.72690433
nominal_max_acceleration_mps2=69.58153125
nominal_qp_failures=0
nominal_mean_solve_time_ms=14.10669400
nominal_max_solve_time_ms=41.67520000
nominal_max_look_angle_deg=179.85068318
nominal_fov_limit_deg=Inf
nominal_fov_violation_deg=0.00000000
nominal_mean_xi=0.03581587
nominal_max_prediction_error=0.02993755
nominal_max_terminal_slack= 4.97019762e-08 7.96272544e-01 1.78171604e-01
nominal_final_alpha_hat=1.00000000
nominal_final_beta_hat=1.03885167
stress_impact_satisfied=0
stress_captured=0
stress_final_range_m=11149.26368114
stress_impact_time_s=33.80000000
stress_impact_time_error_s=-6.20000000
stress_impact_range_m=1273.14759597
stress_impact_heading_deg=11.80936601
stress_impact_heading_error_deg=-48.19063399
stress_final_heading_deg=60.00206876
stress_max_command_mps2=69.94518352
stress_max_acceleration_mps2=69.80914859
stress_qp_failures=0
stress_mean_solve_time_ms=14.12607857
stress_max_solve_time_ms=25.80390000
stress_max_look_angle_deg=179.49782600
stress_fov_limit_deg=Inf
stress_fov_violation_deg=0.00000000
stress_mean_xi=0.29182869
stress_max_prediction_error=0.02947487
stress_max_terminal_slack= 4.98500869e-08 7.96272544e-01 1.78171604e-01
stress_final_alpha_hat=0.97000000
stress_final_beta_hat=1.01515702
comparison_bilinear_koopman_mpc_impact_satisfied=0
comparison_bilinear_koopman_mpc_captured=0
comparison_bilinear_koopman_mpc_final_range_m=11702.40660843
comparison_bilinear_koopman_mpc_impact_time_s=32.90000000
comparison_bilinear_koopman_mpc_impact_time_error_s=-7.10000000
comparison_bilinear_koopman_mpc_impact_range_m=1131.32720128
comparison_bilinear_koopman_mpc_impact_heading_deg=10.84824755
comparison_bilinear_koopman_mpc_impact_heading_error_deg=-49.15175245
comparison_bilinear_koopman_mpc_final_heading_deg=60.00082360
comparison_bilinear_koopman_mpc_max_command_mps2=69.72690433
comparison_bilinear_koopman_mpc_max_acceleration_mps2=69.58153125
comparison_bilinear_koopman_mpc_qp_failures=0
comparison_bilinear_koopman_mpc_mean_solve_time_ms=14.10669400
comparison_bilinear_koopman_mpc_max_solve_time_ms=41.67520000
comparison_bilinear_koopman_mpc_max_look_angle_deg=179.85068318
comparison_bilinear_koopman_mpc_fov_limit_deg=Inf
comparison_bilinear_koopman_mpc_fov_violation_deg=0.00000000
comparison_bilinear_koopman_mpc_mean_xi=0.03581587
comparison_bilinear_koopman_mpc_max_prediction_error=0.02993755
comparison_bilinear_koopman_mpc_max_terminal_slack= 4.97019762e-08 7.96272544e-01 1.78171604e-01
comparison_bilinear_koopman_mpc_final_alpha_hat=1.00000000
comparison_bilinear_koopman_mpc_final_beta_hat=1.03885167
