Stationary-target Koopman guidance validation
max_bilinear_consistency_error=2.394466272609e-11
one_step_nrmse= 4.26206435e-06 2.85998375e-06 2.60912150e-09
one_step_rolling_nrmse= 3.20483713e-02 2.16912261e-02 5.35284834e-08
multi_step_nrmse= 2.48015651e-02 1.65831059e-02 7.04826872e-09
bilinear_rolling_nrmse= 4.13175734e-05 3.93918463e-05 5.61725151e-08
one_step_residual95= 2.05939608e-06 1.37096611e-06 2.71165967e-09
tube_bound99_terminal= 7.47627942e-05 7.65961483e-05 2.27959771e-07
terminal_tol= 4.18235048e-04 5.00000000e-04 5.23598776e-02
terminal_tightening= 7.47627942e-05 7.65961483e-05 2.27959771e-07
terminal_tol_tight= 3.43472254e-04 4.23403852e-04 5.23596496e-02
nominal_impact_satisfied=0
nominal_captured=0
nominal_final_range_m=603.32952318
nominal_impact_time_s=39.80000000
nominal_impact_time_error_s=-0.05000000
nominal_impact_range_m=30.04850548
nominal_impact_heading_deg=31.48336218
nominal_impact_heading_error_deg=1.48336218
nominal_final_heading_deg=30.76491411
nominal_max_command_mps2=93.60000000
nominal_max_acceleration_mps2=93.59999999
nominal_qp_failures=0
nominal_mean_solve_time_ms=4.67472721
nominal_max_solve_time_ms=26.85720000
nominal_max_look_angle_deg=77.47495593
nominal_fov_limit_deg=Inf
nominal_fov_violation_deg=0.00000000
nominal_mean_xi=0.00222834
nominal_max_prediction_error=0.07724800
nominal_max_terminal_slack= 6.95795890e-04 1.60339864e-03 1.94213400e-04
nominal_final_alpha_hat=0.99999476
nominal_final_beta_hat=0.85000000
stress_impact_satisfied=0
stress_captured=0
stress_final_range_m=347.84848868
stress_impact_time_s=39.80000000
stress_impact_time_error_s=-0.05000000
stress_impact_range_m=288.42187187
stress_impact_heading_deg=29.99204324
stress_impact_heading_error_deg=-0.00795676
stress_final_heading_deg=35.15525674
stress_max_command_mps2=93.60000000
stress_max_acceleration_mps2=93.60000000
stress_qp_failures=9
stress_mean_solve_time_ms=4.61462172
stress_max_solve_time_ms=11.57420000
stress_max_look_angle_deg=76.11015409
stress_fov_limit_deg=Inf
stress_fov_violation_deg=0.00000000
stress_mean_xi=0.04373281
stress_max_prediction_error=0.13708506
stress_max_terminal_slack= 2.17466920e-02 2.37258133e-02 8.34072692e-03
stress_final_alpha_hat=0.97002871
stress_final_beta_hat=0.85000000
comparison_bilinear_koopman_mpc_impact_satisfied=0
comparison_bilinear_koopman_mpc_captured=0
comparison_bilinear_koopman_mpc_final_range_m=603.32952318
comparison_bilinear_koopman_mpc_impact_time_s=39.80000000
comparison_bilinear_koopman_mpc_impact_time_error_s=-0.05000000
comparison_bilinear_koopman_mpc_impact_range_m=30.04850548
comparison_bilinear_koopman_mpc_impact_heading_deg=31.48336218
comparison_bilinear_koopman_mpc_impact_heading_error_deg=1.48336218
comparison_bilinear_koopman_mpc_final_heading_deg=30.76491411
comparison_bilinear_koopman_mpc_max_command_mps2=93.60000000
comparison_bilinear_koopman_mpc_max_acceleration_mps2=93.59999999
comparison_bilinear_koopman_mpc_qp_failures=0
comparison_bilinear_koopman_mpc_mean_solve_time_ms=4.67472721
comparison_bilinear_koopman_mpc_max_solve_time_ms=26.85720000
comparison_bilinear_koopman_mpc_max_look_angle_deg=77.47495593
comparison_bilinear_koopman_mpc_fov_limit_deg=Inf
comparison_bilinear_koopman_mpc_fov_violation_deg=0.00000000
comparison_bilinear_koopman_mpc_mean_xi=0.00222834
comparison_bilinear_koopman_mpc_max_prediction_error=0.07724800
comparison_bilinear_koopman_mpc_max_terminal_slack= 6.95795890e-04 1.60339864e-03 1.94213400e-04
comparison_bilinear_koopman_mpc_final_alpha_hat=0.99999476
comparison_bilinear_koopman_mpc_final_beta_hat=0.85000000
