Stationary-target Koopman guidance validation
max_bilinear_consistency_error=2.394466272609e-11
one_step_nrmse= 4.26206238e-06 2.85998375e-06 2.60912399e-09
one_step_rolling_nrmse= 3.20483714e-02 2.16912261e-02 5.35285327e-08
multi_step_nrmse= 2.48015651e-02 1.65831059e-02 7.04826965e-09
bilinear_rolling_nrmse= 4.13177304e-05 3.93918463e-05 5.61724195e-08
one_step_residual95= 2.05168108e-06 1.37096611e-06 2.71166256e-09
tube_bound99_terminal= 7.44824102e-05 7.65961483e-05 2.27959208e-07
terminal_tol= 4.16666667e-04 5.00000000e-04 5.23598776e-02
terminal_tightening= 7.44824102e-05 7.65961483e-05 2.27959208e-07
terminal_tol_tight= 3.42184256e-04 4.23403852e-04 5.23596496e-02
nominal_impact_satisfied=0
nominal_captured=0
nominal_final_range_m=540.61954408
nominal_impact_time_s=40.00000000
nominal_impact_time_error_s=0.00000000
nominal_impact_range_m=65.78728508
nominal_impact_heading_deg=26.92455707
nominal_impact_heading_error_deg=-3.07544293
nominal_final_heading_deg=30.76001375
nominal_max_command_mps2=93.60000000
nominal_max_acceleration_mps2=93.58627358
nominal_qp_failures=11
nominal_mean_solve_time_ms=40.28671262
nominal_max_solve_time_ms=424.57320000
nominal_max_look_angle_deg=78.35789073
nominal_fov_limit_deg=Inf
nominal_fov_violation_deg=0.00000000
nominal_mean_xi=0.00249329
nominal_max_prediction_error=0.10786566
nominal_max_terminal_slack= 4.59512230e-03 2.85279917e-03 1.31673104e-03
nominal_final_alpha_hat=0.99998673
nominal_final_beta_hat=0.85000000
stress_impact_satisfied=0
stress_captured=0
stress_final_range_m=280.96370277
stress_impact_time_s=40.00000000
stress_impact_time_error_s=0.00000000
stress_impact_range_m=329.32396956
stress_impact_heading_deg=27.99940912
stress_impact_heading_error_deg=-2.00059088
stress_final_heading_deg=33.58789102
stress_max_command_mps2=100.00000000
stress_max_acceleration_mps2=93.58627358
stress_qp_failures=17
stress_mean_solve_time_ms=41.29342429
stress_max_solve_time_ms=422.64920000
stress_max_look_angle_deg=78.01672313
stress_fov_limit_deg=Inf
stress_fov_violation_deg=0.00000000
stress_mean_xi=0.01733016
stress_max_prediction_error=0.09894162
stress_max_terminal_slack= 2.59693011e-02 8.56694507e-03 2.14453227e-03
stress_final_alpha_hat=0.97000974
stress_final_beta_hat=0.85000000
comparison_bilinear_koopman_mpc_impact_satisfied=0
comparison_bilinear_koopman_mpc_captured=0
comparison_bilinear_koopman_mpc_final_range_m=540.61954408
comparison_bilinear_koopman_mpc_impact_time_s=40.00000000
comparison_bilinear_koopman_mpc_impact_time_error_s=0.00000000
comparison_bilinear_koopman_mpc_impact_range_m=65.78728508
comparison_bilinear_koopman_mpc_impact_heading_deg=26.92455707
comparison_bilinear_koopman_mpc_impact_heading_error_deg=-3.07544293
comparison_bilinear_koopman_mpc_final_heading_deg=30.76001375
comparison_bilinear_koopman_mpc_max_command_mps2=93.60000000
comparison_bilinear_koopman_mpc_max_acceleration_mps2=93.58627358
comparison_bilinear_koopman_mpc_qp_failures=11
comparison_bilinear_koopman_mpc_mean_solve_time_ms=40.28671262
comparison_bilinear_koopman_mpc_max_solve_time_ms=424.57320000
comparison_bilinear_koopman_mpc_max_look_angle_deg=78.35789073
comparison_bilinear_koopman_mpc_fov_limit_deg=Inf
comparison_bilinear_koopman_mpc_fov_violation_deg=0.00000000
comparison_bilinear_koopman_mpc_mean_xi=0.00249329
comparison_bilinear_koopman_mpc_max_prediction_error=0.10786566
comparison_bilinear_koopman_mpc_max_terminal_slack= 4.59512230e-03 2.85279917e-03 1.31673104e-03
comparison_bilinear_koopman_mpc_final_alpha_hat=0.99998673
comparison_bilinear_koopman_mpc_final_beta_hat=0.85000000
