Stationary-target Koopman guidance validation
max_bilinear_consistency_error=2.394466272609e-11
one_step_nrmse= 4.26206238e-06 2.85998375e-06 2.60912399e-09
one_step_rolling_nrmse= 3.20483714e-02 2.16912261e-02 5.35285327e-08
multi_step_nrmse= 2.48015651e-02 1.65831059e-02 7.04826965e-09
bilinear_rolling_nrmse= 4.13177304e-05 3.93918463e-05 5.61724195e-08
one_step_residual95= 2.05168108e-06 1.37096611e-06 2.71166256e-09
tube_bound99_terminal= 7.44824102e-05 7.65961483e-05 2.27959208e-07
terminal_tol= 4.16666667e-04 5.00000000e-04 5.23598776e-02
terminal_tightening= 7.44824102e-05 7.65961483e-05 2.27959208e-07
terminal_tol_tight= 3.42184256e-04 4.23403852e-04 5.23596496e-02
nominal_impact_satisfied=0
nominal_captured=0
nominal_final_range_m=538.51672520
nominal_impact_time_s=40.00000000
nominal_impact_time_error_s=0.00000000
nominal_impact_range_m=62.05522203
nominal_impact_heading_deg=32.50921759
nominal_impact_heading_error_deg=2.50921759
nominal_final_heading_deg=31.18531806
nominal_max_command_mps2=100.00000000
nominal_max_acceleration_mps2=93.59999999
nominal_qp_failures=0
nominal_mean_solve_time_ms=44.55154143
nominal_max_solve_time_ms=820.23360000
nominal_max_look_angle_deg=75.64407482
nominal_fov_limit_deg=Inf
nominal_fov_violation_deg=0.00000000
nominal_mean_xi=0.00212650
nominal_max_prediction_error=0.09969828
nominal_max_terminal_slack= 4.77911054e-03 5.42463358e-04 2.07433326e-04
nominal_final_alpha_hat=0.99998895
nominal_final_beta_hat=0.85000000
stress_impact_satisfied=0
stress_captured=0
stress_final_range_m=259.85480278
stress_impact_time_s=40.00000000
stress_impact_time_error_s=0.00000000
stress_impact_range_m=325.76624284
stress_impact_heading_deg=30.49079807
stress_impact_heading_error_deg=0.49079807
stress_final_heading_deg=34.60549611
stress_max_command_mps2=100.00000000
stress_max_acceleration_mps2=93.59999999
stress_qp_failures=5
stress_mean_solve_time_ms=44.33503262
stress_max_solve_time_ms=777.24390000
stress_max_look_angle_deg=74.46745466
stress_fov_limit_deg=Inf
stress_fov_violation_deg=0.00000000
stress_mean_xi=0.01273131
stress_max_prediction_error=0.09889542
stress_max_terminal_slack= 2.67966872e-02 2.32825807e-03 2.92426508e-03
stress_final_alpha_hat=0.97001369
stress_final_beta_hat=0.85000000
comparison_bilinear_koopman_mpc_impact_satisfied=0
comparison_bilinear_koopman_mpc_captured=0
comparison_bilinear_koopman_mpc_final_range_m=538.51672520
comparison_bilinear_koopman_mpc_impact_time_s=40.00000000
comparison_bilinear_koopman_mpc_impact_time_error_s=0.00000000
comparison_bilinear_koopman_mpc_impact_range_m=62.05522203
comparison_bilinear_koopman_mpc_impact_heading_deg=32.50921759
comparison_bilinear_koopman_mpc_impact_heading_error_deg=2.50921759
comparison_bilinear_koopman_mpc_final_heading_deg=31.18531806
comparison_bilinear_koopman_mpc_max_command_mps2=100.00000000
comparison_bilinear_koopman_mpc_max_acceleration_mps2=93.59999999
comparison_bilinear_koopman_mpc_qp_failures=0
comparison_bilinear_koopman_mpc_mean_solve_time_ms=44.55154143
comparison_bilinear_koopman_mpc_max_solve_time_ms=820.23360000
comparison_bilinear_koopman_mpc_max_look_angle_deg=75.64407482
comparison_bilinear_koopman_mpc_fov_limit_deg=Inf
comparison_bilinear_koopman_mpc_fov_violation_deg=0.00000000
comparison_bilinear_koopman_mpc_mean_xi=0.00212650
comparison_bilinear_koopman_mpc_max_prediction_error=0.09969828
comparison_bilinear_koopman_mpc_max_terminal_slack= 4.77911054e-03 5.42463358e-04 2.07433326e-04
comparison_bilinear_koopman_mpc_final_alpha_hat=0.99998895
comparison_bilinear_koopman_mpc_final_beta_hat=0.85000000
