Stationary-target Koopman guidance validation
max_bilinear_consistency_error=2.394466272609e-11
one_step_nrmse= 3.75296640e-06 2.78970863e-06 3.15471740e-09
one_step_rolling_nrmse= 1.56771267e-02 1.25889323e-02 6.65968230e-08
multi_step_nrmse= 1.19240501e-02 9.14863918e-03 1.20003388e-08
bilinear_rolling_nrmse= 2.32283511e-05 1.93657653e-05 7.75580594e-08
one_step_residual95= 1.98063319e-06 1.37087823e-06 3.60302940e-09
tube_bound99_terminal= 4.82280773e-05 3.78212430e-05 3.81635266e-07
terminal_tol= 4.16666667e-04 5.00000000e-04 5.23598776e-02
terminal_tightening= 4.82280773e-05 3.78212430e-05 3.81635266e-07
terminal_tol_tight= 3.68438589e-04 4.62178757e-04 5.23594959e-02
nominal_impact_satisfied=0
nominal_captured=0
nominal_final_range_m=3727.96603224
nominal_impact_time_s=37.60000000
nominal_impact_time_error_s=-2.40000000
nominal_impact_range_m=8.20806852
nominal_impact_heading_deg=29.92965356
nominal_impact_heading_error_deg=-0.07034644
nominal_final_heading_deg=29.99383857
nominal_max_command_mps2=93.60000000
nominal_max_acceleration_mps2=93.59988195
nominal_max_command_delta_mps2=9.02226944
nominal_max_acceleration_delta_mps2=7.70466912
nominal_qp_failures=0
nominal_mean_solve_time_ms=14.34031120
nominal_max_solve_time_ms=32.30330000
nominal_max_look_angle_deg=179.85549357
nominal_fov_limit_deg=Inf
nominal_fov_violation_deg=0.00000000
nominal_mean_xi=0.01693600
nominal_max_prediction_error=0.07848451
nominal_max_terminal_slack= 4.96536009e-08 4.35334555e-01 8.14480765e-02
nominal_final_alpha_hat=1.00000000
nominal_final_beta_hat=1.04497235
stress_impact_satisfied=0
stress_captured=0
stress_final_range_m=3296.16765870
stress_impact_time_s=38.70000000
stress_impact_time_error_s=-1.30000000
stress_impact_range_m=8.09492305
stress_impact_heading_deg=29.93279029
stress_impact_heading_error_deg=-0.06720971
stress_final_heading_deg=29.99180998
stress_max_command_mps2=93.60000000
stress_max_acceleration_mps2=93.59995227
stress_max_command_delta_mps2=9.15822278
stress_max_acceleration_delta_mps2=7.68879721
stress_qp_failures=0
stress_mean_solve_time_ms=13.11942640
stress_max_solve_time_ms=24.98570000
stress_max_look_angle_deg=179.72312793
stress_fov_limit_deg=Inf
stress_fov_violation_deg=0.00000000
stress_mean_xi=0.35478999
stress_max_prediction_error=0.07493402
stress_max_terminal_slack= 4.99561640e-08 4.35334555e-01 8.17074259e-02
stress_final_alpha_hat=0.97000000
stress_final_beta_hat=1.01510916
comparison_bilinear_koopman_mpc_impact_satisfied=0
comparison_bilinear_koopman_mpc_captured=0
comparison_bilinear_koopman_mpc_final_range_m=3727.96603224
comparison_bilinear_koopman_mpc_impact_time_s=37.60000000
comparison_bilinear_koopman_mpc_impact_time_error_s=-2.40000000
comparison_bilinear_koopman_mpc_impact_range_m=8.20806852
comparison_bilinear_koopman_mpc_impact_heading_deg=29.92965356
comparison_bilinear_koopman_mpc_impact_heading_error_deg=-0.07034644
comparison_bilinear_koopman_mpc_final_heading_deg=29.99383857
comparison_bilinear_koopman_mpc_max_command_mps2=93.60000000
comparison_bilinear_koopman_mpc_max_acceleration_mps2=93.59988195
comparison_bilinear_koopman_mpc_max_command_delta_mps2=9.02226944
comparison_bilinear_koopman_mpc_max_acceleration_delta_mps2=7.70466912
comparison_bilinear_koopman_mpc_qp_failures=0
comparison_bilinear_koopman_mpc_mean_solve_time_ms=14.34031120
comparison_bilinear_koopman_mpc_max_solve_time_ms=32.30330000
comparison_bilinear_koopman_mpc_max_look_angle_deg=179.85549357
comparison_bilinear_koopman_mpc_fov_limit_deg=Inf
comparison_bilinear_koopman_mpc_fov_violation_deg=0.00000000
comparison_bilinear_koopman_mpc_mean_xi=0.01693600
comparison_bilinear_koopman_mpc_max_prediction_error=0.07848451
comparison_bilinear_koopman_mpc_max_terminal_slack= 4.96536009e-08 4.35334555e-01 8.14480765e-02
comparison_bilinear_koopman_mpc_final_alpha_hat=1.00000000
comparison_bilinear_koopman_mpc_final_beta_hat=1.04497235
