Stationary-target Koopman guidance validation
max_bilinear_consistency_error=2.394466272609e-11
one_step_nrmse= 2.69169800e-06 4.09473090e-06 5.40152779e-09
one_step_rolling_nrmse= 1.11795254e-02 1.77532482e-02 1.28738012e-07
multi_step_nrmse= 8.44770726e-03 1.32723969e-02 2.71074829e-08
bilinear_rolling_nrmse= 2.10898259e-05 2.25012689e-05 1.35436294e-07
one_step_residual95= 1.21112571e-06 2.25903169e-06 6.19150271e-09
tube_bound99_terminal= 4.51614355e-05 4.20659209e-05 5.47800184e-07
terminal_tol= 4.16666667e-04 5.00000000e-04 5.23598776e-02
terminal_tightening= 4.51614355e-05 4.20659209e-05 5.47800184e-07
terminal_tol_tight= 3.71505231e-04 4.57934079e-04 5.23593298e-02
nominal_impact_satisfied=0
nominal_captured=0
nominal_final_range_m=11162.98304077
nominal_impact_time_s=33.00000000
nominal_impact_time_error_s=-7.00000000
nominal_impact_range_m=277.46257151
nominal_impact_heading_deg=41.29045405
nominal_impact_heading_error_deg=-18.70954595
nominal_final_heading_deg=59.99912192
nominal_max_command_mps2=93.60000000
nominal_max_acceleration_mps2=93.59624806
nominal_qp_failures=0
nominal_mean_solve_time_ms=4.72964043
nominal_max_solve_time_ms=32.94230000
nominal_max_look_angle_deg=178.02593384
nominal_fov_limit_deg=Inf
nominal_fov_violation_deg=0.00000000
nominal_mean_xi=0.03010980
nominal_max_prediction_error=0.12384324
nominal_max_terminal_slack= 4.98345750e-08 7.97068115e-01 1.47802376e-01
nominal_final_alpha_hat=1.00000000
nominal_final_beta_hat=1.03863312
stress_impact_satisfied=0
stress_captured=0
stress_final_range_m=10539.88727467
stress_impact_time_s=34.00000000
stress_impact_time_error_s=-6.00000000
stress_impact_range_m=275.77968744
stress_impact_heading_deg=40.77160912
stress_impact_heading_error_deg=-19.22839088
stress_final_heading_deg=59.99854959
stress_max_command_mps2=93.60000000
stress_max_acceleration_mps2=93.59913379
stress_qp_failures=0
stress_mean_solve_time_ms=4.22677857
stress_max_solve_time_ms=7.23120000
stress_max_look_angle_deg=176.94941200
stress_fov_limit_deg=Inf
stress_fov_violation_deg=0.00000000
stress_mean_xi=0.03230109
stress_max_prediction_error=0.12539349
stress_max_terminal_slack= 4.99589663e-08 7.97068115e-01 1.47374135e-01
stress_final_alpha_hat=0.97000000
stress_final_beta_hat=1.00657720
comparison_bilinear_koopman_mpc_impact_satisfied=0
comparison_bilinear_koopman_mpc_captured=0
comparison_bilinear_koopman_mpc_final_range_m=11162.98304077
comparison_bilinear_koopman_mpc_impact_time_s=33.00000000
comparison_bilinear_koopman_mpc_impact_time_error_s=-7.00000000
comparison_bilinear_koopman_mpc_impact_range_m=277.46257151
comparison_bilinear_koopman_mpc_impact_heading_deg=41.29045405
comparison_bilinear_koopman_mpc_impact_heading_error_deg=-18.70954595
comparison_bilinear_koopman_mpc_final_heading_deg=59.99912192
comparison_bilinear_koopman_mpc_max_command_mps2=93.60000000
comparison_bilinear_koopman_mpc_max_acceleration_mps2=93.59624806
comparison_bilinear_koopman_mpc_qp_failures=0
comparison_bilinear_koopman_mpc_mean_solve_time_ms=4.72964043
comparison_bilinear_koopman_mpc_max_solve_time_ms=32.94230000
comparison_bilinear_koopman_mpc_max_look_angle_deg=178.02593384
comparison_bilinear_koopman_mpc_fov_limit_deg=Inf
comparison_bilinear_koopman_mpc_fov_violation_deg=0.00000000
comparison_bilinear_koopman_mpc_mean_xi=0.03010980
comparison_bilinear_koopman_mpc_max_prediction_error=0.12384324
comparison_bilinear_koopman_mpc_max_terminal_slack= 4.98345750e-08 7.97068115e-01 1.47802376e-01
comparison_bilinear_koopman_mpc_final_alpha_hat=1.00000000
comparison_bilinear_koopman_mpc_final_beta_hat=1.03863312
