Stationary-target Koopman guidance validation
max_bilinear_consistency_error=2.394466272609e-11
one_step_nrmse= 4.26206041e-06 2.85998375e-06 2.60912629e-09
one_step_rolling_nrmse= 3.20483714e-02 2.16912261e-02 5.35285706e-08
multi_step_nrmse= 2.48015651e-02 1.65831059e-02 7.04826698e-09
bilinear_rolling_nrmse= 4.13178881e-05 3.93918463e-05 5.61725918e-08
one_step_residual95= 2.04402370e-06 1.37096610e-06 2.71166500e-09
tube_bound99_terminal= 7.42041209e-05 7.65961481e-05 2.27960025e-07
terminal_tol= 4.15110004e-04 5.00000000e-04 5.23598776e-02
terminal_tightening= 7.42041209e-05 7.65961481e-05 2.27960025e-07
terminal_tol_tight= 3.40905883e-04 4.23403852e-04 5.23596496e-02
nominal_impact_satisfied=0
nominal_captured=0
nominal_final_range_m=604.31551451
nominal_impact_time_s=40.10000000
nominal_impact_time_error_s=-0.05000000
nominal_impact_range_m=66.33312847
nominal_impact_heading_deg=32.94276745
nominal_impact_heading_error_deg=2.94276745
nominal_final_heading_deg=33.11499670
nominal_max_command_mps2=93.60000000
nominal_max_acceleration_mps2=93.60000000
nominal_qp_failures=0
nominal_mean_solve_time_ms=4.55456461
nominal_max_solve_time_ms=10.62480000
nominal_max_look_angle_deg=77.60884937
nominal_fov_limit_deg=Inf
nominal_fov_violation_deg=0.00000000
nominal_mean_xi=0.01371067
nominal_max_prediction_error=0.12415384
nominal_max_terminal_slack= 1.14038236e-03 6.71076026e-03 1.09810063e-03
nominal_final_alpha_hat=0.99997823
nominal_final_beta_hat=0.85000000
stress_impact_satisfied=0
stress_captured=0
stress_final_range_m=338.51613378
stress_impact_time_s=40.10000000
stress_impact_time_error_s=-0.05000000
stress_impact_range_m=264.00255050
stress_impact_heading_deg=29.70540590
stress_impact_heading_error_deg=-0.29459410
stress_final_heading_deg=34.49875961
stress_max_command_mps2=93.60000000
stress_max_acceleration_mps2=93.60000000
stress_qp_failures=11
stress_mean_solve_time_ms=4.46222874
stress_max_solve_time_ms=9.75630000
stress_max_look_angle_deg=77.06069973
stress_fov_limit_deg=Inf
stress_fov_violation_deg=0.00000000
stress_mean_xi=0.02755460
stress_max_prediction_error=0.14019962
stress_max_terminal_slack= 1.95443755e-02 2.61649212e-02 8.16212542e-03
stress_final_alpha_hat=0.97002138
stress_final_beta_hat=0.85000000
comparison_bilinear_koopman_mpc_impact_satisfied=0
comparison_bilinear_koopman_mpc_captured=0
comparison_bilinear_koopman_mpc_final_range_m=604.31551451
comparison_bilinear_koopman_mpc_impact_time_s=40.10000000
comparison_bilinear_koopman_mpc_impact_time_error_s=-0.05000000
comparison_bilinear_koopman_mpc_impact_range_m=66.33312847
comparison_bilinear_koopman_mpc_impact_heading_deg=32.94276745
comparison_bilinear_koopman_mpc_impact_heading_error_deg=2.94276745
comparison_bilinear_koopman_mpc_final_heading_deg=33.11499670
comparison_bilinear_koopman_mpc_max_command_mps2=93.60000000
comparison_bilinear_koopman_mpc_max_acceleration_mps2=93.60000000
comparison_bilinear_koopman_mpc_qp_failures=0
comparison_bilinear_koopman_mpc_mean_solve_time_ms=4.55456461
comparison_bilinear_koopman_mpc_max_solve_time_ms=10.62480000
comparison_bilinear_koopman_mpc_max_look_angle_deg=77.60884937
comparison_bilinear_koopman_mpc_fov_limit_deg=Inf
comparison_bilinear_koopman_mpc_fov_violation_deg=0.00000000
comparison_bilinear_koopman_mpc_mean_xi=0.01371067
comparison_bilinear_koopman_mpc_max_prediction_error=0.12415384
comparison_bilinear_koopman_mpc_max_terminal_slack= 1.14038236e-03 6.71076026e-03 1.09810063e-03
comparison_bilinear_koopman_mpc_final_alpha_hat=0.99997823
comparison_bilinear_koopman_mpc_final_beta_hat=0.85000000
