Stationary-target Koopman guidance validation
max_bilinear_consistency_error=2.394466272609e-11
one_step_nrmse= 4.26206238e-06 2.85998375e-06 2.60912399e-09
one_step_rolling_nrmse= 3.20483714e-02 2.16912261e-02 5.35285327e-08
multi_step_nrmse= 2.48015651e-02 1.65831059e-02 7.04826965e-09
bilinear_rolling_nrmse= 4.13177304e-05 3.93918463e-05 5.61724195e-08
one_step_residual95= 2.05168108e-06 1.37096611e-06 2.71166256e-09
tube_bound99_terminal= 7.44824102e-05 7.65961483e-05 2.27959208e-07
terminal_tol= 4.16666667e-04 5.00000000e-04 5.23598776e-02
terminal_tightening= 7.44824102e-05 7.65961483e-05 2.27959208e-07
terminal_tol_tight= 3.42184256e-04 4.23403852e-04 5.23596496e-02
nominal_impact_satisfied=0
nominal_captured=0
nominal_final_range_m=494.73331498
nominal_impact_time_s=40.00000000
nominal_impact_time_error_s=0.00000000
nominal_impact_range_m=105.57846622
nominal_impact_heading_deg=31.47367546
nominal_impact_heading_error_deg=1.47367546
nominal_final_heading_deg=30.72741509
nominal_max_command_mps2=100.00000000
nominal_max_acceleration_mps2=93.59999999
nominal_qp_failures=2
nominal_mean_solve_time_ms=74.57249738
nominal_max_solve_time_ms=954.02860000
nominal_max_look_angle_deg=76.63638366
nominal_fov_limit_deg=Inf
nominal_fov_violation_deg=0.00000000
nominal_mean_xi=0.00296219
nominal_max_prediction_error=0.10112832
nominal_max_terminal_slack= 8.44334192e-03 3.01493904e-04 1.17056156e-04
nominal_final_alpha_hat=0.99999100
nominal_final_beta_hat=0.85000000
stress_impact_satisfied=0
stress_captured=0
stress_final_range_m=213.92887737
stress_impact_time_s=40.00000000
stress_impact_time_error_s=0.00000000
stress_impact_range_m=370.83983030
stress_impact_heading_deg=30.31513688
stress_impact_heading_error_deg=0.31513688
stress_final_heading_deg=33.12399873
stress_max_command_mps2=100.00000000
stress_max_acceleration_mps2=93.60000000
stress_qp_failures=10
stress_mean_solve_time_ms=82.98471643
stress_max_solve_time_ms=1121.47950000
stress_max_look_angle_deg=76.11015409
stress_fov_limit_deg=Inf
stress_fov_violation_deg=0.00000000
stress_mean_xi=0.01289279
stress_max_prediction_error=0.10021659
stress_max_terminal_slack= 3.03993874e-02 6.05280289e-04 8.35090642e-04
stress_final_alpha_hat=0.96999607
stress_final_beta_hat=0.85000000
comparison_bilinear_koopman_mpc_impact_satisfied=0
comparison_bilinear_koopman_mpc_captured=0
comparison_bilinear_koopman_mpc_final_range_m=494.73331498
comparison_bilinear_koopman_mpc_impact_time_s=40.00000000
comparison_bilinear_koopman_mpc_impact_time_error_s=0.00000000
comparison_bilinear_koopman_mpc_impact_range_m=105.57846622
comparison_bilinear_koopman_mpc_impact_heading_deg=31.47367546
comparison_bilinear_koopman_mpc_impact_heading_error_deg=1.47367546
comparison_bilinear_koopman_mpc_final_heading_deg=30.72741509
comparison_bilinear_koopman_mpc_max_command_mps2=100.00000000
comparison_bilinear_koopman_mpc_max_acceleration_mps2=93.59999999
comparison_bilinear_koopman_mpc_qp_failures=2
comparison_bilinear_koopman_mpc_mean_solve_time_ms=74.57249738
comparison_bilinear_koopman_mpc_max_solve_time_ms=954.02860000
comparison_bilinear_koopman_mpc_max_look_angle_deg=76.63638366
comparison_bilinear_koopman_mpc_fov_limit_deg=Inf
comparison_bilinear_koopman_mpc_fov_violation_deg=0.00000000
comparison_bilinear_koopman_mpc_mean_xi=0.00296219
comparison_bilinear_koopman_mpc_max_prediction_error=0.10112832
comparison_bilinear_koopman_mpc_max_terminal_slack= 8.44334192e-03 3.01493904e-04 1.17056156e-04
comparison_bilinear_koopman_mpc_final_alpha_hat=0.99999100
comparison_bilinear_koopman_mpc_final_beta_hat=0.85000000
