Stationary-target Koopman guidance validation
max_bilinear_consistency_error=2.394466272609e-11
one_step_nrmse= 3.75296640e-06 2.78970863e-06 3.15471740e-09
one_step_rolling_nrmse= 1.56771267e-02 1.25889323e-02 6.65968230e-08
multi_step_nrmse= 1.19240501e-02 9.14863918e-03 1.20003388e-08
bilinear_rolling_nrmse= 2.32283511e-05 1.93657653e-05 7.75580594e-08
one_step_residual95= 1.98063319e-06 1.37087823e-06 3.60302940e-09
tube_bound99_terminal= 4.82280773e-05 3.78212430e-05 3.81635266e-07
terminal_tol= 4.16666667e-04 5.00000000e-04 5.23598776e-02
terminal_tightening= 4.82280773e-05 3.78212430e-05 3.81635266e-07
terminal_tol_tight= 3.68438589e-04 4.62178757e-04 5.23594959e-02
nominal_impact_satisfied=0
nominal_captured=0
nominal_final_range_m=4407.49870578
nominal_impact_time_s=35.30000000
nominal_impact_time_error_s=-4.70000000
nominal_impact_range_m=17.70862498
nominal_impact_heading_deg=30.95926258
nominal_impact_heading_error_deg=0.95926258
nominal_final_heading_deg=30.03265257
nominal_max_command_mps2=43.16615672
nominal_max_acceleration_mps2=43.13583188
nominal_max_command_delta_mps2=4.92318391
nominal_max_acceleration_delta_mps2=4.64654732
nominal_qp_failures=0
nominal_mean_solve_time_ms=17.65737140
nominal_max_solve_time_ms=40.46920000
nominal_max_look_angle_deg=179.52997544
nominal_fov_limit_deg=Inf
nominal_fov_violation_deg=0.00000000
nominal_mean_xi=0.04198982
nominal_max_prediction_error=0.01715579
nominal_max_terminal_slack= 4.91517681e-08 4.21828601e-01 4.00373459e-01
nominal_final_alpha_hat=1.00000000
nominal_final_beta_hat=1.04339818
stress_impact_satisfied=0
stress_captured=0
stress_final_range_m=4011.07837735
stress_impact_time_s=36.20000000
stress_impact_time_error_s=-3.80000000
stress_impact_range_m=19.81646118
stress_impact_heading_deg=31.11035367
stress_impact_heading_error_deg=1.11035367
stress_final_heading_deg=30.04462831
stress_max_command_mps2=43.16384690
stress_max_acceleration_mps2=43.13342324
stress_max_command_delta_mps2=4.90951498
stress_max_acceleration_delta_mps2=4.63805592
stress_qp_failures=0
stress_mean_solve_time_ms=17.53821140
stress_max_solve_time_ms=36.55630000
stress_max_look_angle_deg=179.31416772
stress_fov_limit_deg=Inf
stress_fov_violation_deg=0.00000000
stress_mean_xi=0.49426178
stress_max_prediction_error=0.03531469
stress_max_terminal_slack= 4.97963559e-08 4.21828601e-01 4.00373459e-01
stress_final_alpha_hat=0.96999999
stress_final_beta_hat=1.01443639
comparison_bilinear_koopman_mpc_impact_satisfied=0
comparison_bilinear_koopman_mpc_captured=0
comparison_bilinear_koopman_mpc_final_range_m=4407.49870578
comparison_bilinear_koopman_mpc_impact_time_s=35.30000000
comparison_bilinear_koopman_mpc_impact_time_error_s=-4.70000000
comparison_bilinear_koopman_mpc_impact_range_m=17.70862498
comparison_bilinear_koopman_mpc_impact_heading_deg=30.95926258
comparison_bilinear_koopman_mpc_impact_heading_error_deg=0.95926258
comparison_bilinear_koopman_mpc_final_heading_deg=30.03265257
comparison_bilinear_koopman_mpc_max_command_mps2=43.16615672
comparison_bilinear_koopman_mpc_max_acceleration_mps2=43.13583188
comparison_bilinear_koopman_mpc_max_command_delta_mps2=4.92318391
comparison_bilinear_koopman_mpc_max_acceleration_delta_mps2=4.64654732
comparison_bilinear_koopman_mpc_qp_failures=0
comparison_bilinear_koopman_mpc_mean_solve_time_ms=17.65737140
comparison_bilinear_koopman_mpc_max_solve_time_ms=40.46920000
comparison_bilinear_koopman_mpc_max_look_angle_deg=179.52997544
comparison_bilinear_koopman_mpc_fov_limit_deg=Inf
comparison_bilinear_koopman_mpc_fov_violation_deg=0.00000000
comparison_bilinear_koopman_mpc_mean_xi=0.04198982
comparison_bilinear_koopman_mpc_max_prediction_error=0.01715579
comparison_bilinear_koopman_mpc_max_terminal_slack= 4.91517681e-08 4.21828601e-01 4.00373459e-01
comparison_bilinear_koopman_mpc_final_alpha_hat=1.00000000
comparison_bilinear_koopman_mpc_final_beta_hat=1.04339818
