Stationary-target Koopman guidance validation
max_bilinear_consistency_error=2.394466272609e-11
one_step_nrmse= 1.75965741e-06 4.33457431e-06 2.21199498e-01
one_step_rolling_nrmse= 7.97997769e-03 1.85936663e-02 6.62175891e-01
multi_step_nrmse= 5.45502380e-03 1.38559088e-02 7.24326778e-01
bilinear_rolling_nrmse= 1.90221214e-05 2.40070343e-05 6.93766523e-01
one_step_residual95= 7.18134533e-07 2.73820903e-06 1.54952392e-02
tube_bound99_terminal= 4.24657914e-05 4.73093321e-05 2.03397765e+00
terminal_tol= 4.16666667e-04 5.00000000e-04 5.23598776e-02
terminal_tightening= 4.24657914e-05 4.73093321e-05 4.18879020e-02
terminal_tol_tight= 3.74200875e-04 4.52690668e-04 1.04719755e-02
nominal_impact_satisfied=0
nominal_captured=0
nominal_final_range_m=16165.01876012
nominal_impact_time_s=20.70000000
nominal_impact_time_error_s=-19.30000000
nominal_impact_range_m=7042.19701884
nominal_impact_heading_deg=52.04065235
nominal_impact_heading_error_deg=-37.95934765
nominal_final_heading_deg=52.61259837
nominal_max_command_mps2=33.28634369
nominal_max_acceleration_mps2=32.84357238
nominal_qp_failures=0
nominal_mean_solve_time_ms=20.55464743
nominal_max_solve_time_ms=35.09720000
nominal_max_look_angle_deg=127.81648213
nominal_fov_limit_deg=Inf
nominal_fov_violation_deg=0.00000000
nominal_mean_xi=0.97087535
nominal_max_prediction_error=0.30122941
nominal_max_terminal_slack= 4.98522666e-08 9.30241484e-01 4.29702244e-01
nominal_final_alpha_hat=0.99999508
nominal_final_beta_hat=0.85104026
stress_impact_satisfied=0
stress_captured=0
stress_final_range_m=15629.02639782
stress_impact_time_s=21.40000000
stress_impact_time_error_s=-18.60000000
stress_impact_range_m=7046.80483283
stress_impact_heading_deg=52.14283730
stress_impact_heading_error_deg=-37.85716270
stress_final_heading_deg=52.84775161
stress_max_command_mps2=31.78289238
stress_max_acceleration_mps2=31.40755238
stress_qp_failures=1
stress_mean_solve_time_ms=20.41306257
stress_max_solve_time_ms=46.26120000
stress_max_look_angle_deg=125.85800795
stress_fov_limit_deg=Inf
stress_fov_violation_deg=0.00000000
stress_mean_xi=0.97198778
stress_max_prediction_error=0.29944142
stress_max_terminal_slack= 4.99984868e-08 9.30241484e-01 4.29702244e-01
stress_final_alpha_hat=0.96999852
stress_final_beta_hat=0.85000000
comparison_bilinear_koopman_mpc_impact_satisfied=0
comparison_bilinear_koopman_mpc_captured=0
comparison_bilinear_koopman_mpc_final_range_m=16165.01876012
comparison_bilinear_koopman_mpc_impact_time_s=20.70000000
comparison_bilinear_koopman_mpc_impact_time_error_s=-19.30000000
comparison_bilinear_koopman_mpc_impact_range_m=7042.19701884
comparison_bilinear_koopman_mpc_impact_heading_deg=52.04065235
comparison_bilinear_koopman_mpc_impact_heading_error_deg=-37.95934765
comparison_bilinear_koopman_mpc_final_heading_deg=52.61259837
comparison_bilinear_koopman_mpc_max_command_mps2=33.28634369
comparison_bilinear_koopman_mpc_max_acceleration_mps2=32.84357238
comparison_bilinear_koopman_mpc_qp_failures=0
comparison_bilinear_koopman_mpc_mean_solve_time_ms=20.55464743
comparison_bilinear_koopman_mpc_max_solve_time_ms=35.09720000
comparison_bilinear_koopman_mpc_max_look_angle_deg=127.81648213
comparison_bilinear_koopman_mpc_fov_limit_deg=Inf
comparison_bilinear_koopman_mpc_fov_violation_deg=0.00000000
comparison_bilinear_koopman_mpc_mean_xi=0.97087535
comparison_bilinear_koopman_mpc_max_prediction_error=0.30122941
comparison_bilinear_koopman_mpc_max_terminal_slack= 4.98522666e-08 9.30241484e-01 4.29702244e-01
comparison_bilinear_koopman_mpc_final_alpha_hat=0.99999508
comparison_bilinear_koopman_mpc_final_beta_hat=0.85104026
