Stationary-target Koopman guidance validation
max_bilinear_consistency_error=2.394466272609e-11
one_step_nrmse= 3.75296640e-06 2.78970863e-06 3.15471740e-09
one_step_rolling_nrmse= 1.56771267e-02 1.25889323e-02 6.65968230e-08
multi_step_nrmse= 1.19240501e-02 9.14863918e-03 1.20003388e-08
bilinear_rolling_nrmse= 2.32283511e-05 1.93657653e-05 7.75580594e-08
one_step_residual95= 1.98063319e-06 1.37087823e-06 3.60302940e-09
tube_bound99_terminal= 4.82280773e-05 3.78212430e-05 3.81635266e-07
terminal_tol= 4.16666667e-04 5.00000000e-04 5.23598776e-02
terminal_tightening= 4.82280773e-05 3.78212430e-05 3.81635266e-07
terminal_tol_tight= 3.68438589e-04 4.62178757e-04 5.23594959e-02
nominal_impact_satisfied=1
nominal_captured=1
nominal_final_range_m=3.04762666
nominal_impact_time_s=37.00000000
nominal_impact_time_error_s=-3.00000000
nominal_impact_range_m=3.04762666
nominal_impact_heading_deg=30.10876142
nominal_impact_heading_error_deg=0.10876142
nominal_final_heading_deg=30.10876142
nominal_max_command_mps2=69.95562009
nominal_max_acceleration_mps2=69.82003164
nominal_max_command_delta_mps2=6.01131903
nominal_max_acceleration_delta_mps2=5.94737315
nominal_qp_failures=0
nominal_mean_solve_time_ms=15.82097892
nominal_max_solve_time_ms=30.59020000
nominal_max_look_angle_deg=43.62636408
nominal_fov_limit_deg=Inf
nominal_fov_violation_deg=0.00000000
nominal_mean_xi=0.00832223
nominal_max_prediction_error=0.02730637
nominal_max_terminal_slack= 4.99979177e-08 4.30247316e-01 1.78171371e-01
nominal_final_alpha_hat=0.99999990
nominal_final_beta_hat=1.03940488
stress_impact_satisfied=1
stress_captured=1
stress_final_range_m=4.15005274
stress_impact_time_s=38.00000000
stress_impact_time_error_s=-2.00000000
stress_impact_range_m=4.15005274
stress_impact_heading_deg=30.12137844
stress_impact_heading_error_deg=0.12137844
stress_final_heading_deg=30.12137844
stress_max_command_mps2=70.16125231
stress_max_acceleration_mps2=70.03446097
stress_max_command_delta_mps2=6.23624667
stress_max_acceleration_delta_mps2=6.16523540
stress_qp_failures=0
stress_mean_solve_time_ms=16.17168395
stress_max_solve_time_ms=28.33830000
stress_max_look_angle_deg=42.76085624
stress_fov_limit_deg=Inf
stress_fov_violation_deg=0.00000000
stress_mean_xi=0.49852559
stress_max_prediction_error=0.04074852
stress_max_terminal_slack= 4.97867422e-08 4.30247316e-01 1.78171371e-01
stress_final_alpha_hat=0.96999989
stress_final_beta_hat=1.01101223
comparison_bilinear_koopman_mpc_impact_satisfied=1
comparison_bilinear_koopman_mpc_captured=1
comparison_bilinear_koopman_mpc_final_range_m=3.04762666
comparison_bilinear_koopman_mpc_impact_time_s=37.00000000
comparison_bilinear_koopman_mpc_impact_time_error_s=-3.00000000
comparison_bilinear_koopman_mpc_impact_range_m=3.04762666
comparison_bilinear_koopman_mpc_impact_heading_deg=30.10876142
comparison_bilinear_koopman_mpc_impact_heading_error_deg=0.10876142
comparison_bilinear_koopman_mpc_final_heading_deg=30.10876142
comparison_bilinear_koopman_mpc_max_command_mps2=69.95562009
comparison_bilinear_koopman_mpc_max_acceleration_mps2=69.82003164
comparison_bilinear_koopman_mpc_max_command_delta_mps2=6.01131903
comparison_bilinear_koopman_mpc_max_acceleration_delta_mps2=5.94737315
comparison_bilinear_koopman_mpc_qp_failures=0
comparison_bilinear_koopman_mpc_mean_solve_time_ms=15.82097892
comparison_bilinear_koopman_mpc_max_solve_time_ms=30.59020000
comparison_bilinear_koopman_mpc_max_look_angle_deg=43.62636408
comparison_bilinear_koopman_mpc_fov_limit_deg=Inf
comparison_bilinear_koopman_mpc_fov_violation_deg=0.00000000
comparison_bilinear_koopman_mpc_mean_xi=0.00832223
comparison_bilinear_koopman_mpc_max_prediction_error=0.02730637
comparison_bilinear_koopman_mpc_max_terminal_slack= 4.99979177e-08 4.30247316e-01 1.78171371e-01
comparison_bilinear_koopman_mpc_final_alpha_hat=0.99999990
comparison_bilinear_koopman_mpc_final_beta_hat=1.03940488
