Stationary-target Koopman guidance validation
max_bilinear_consistency_error=2.394466272609e-11
one_step_nrmse= 4.26206238e-06 2.85998375e-06 2.60912399e-09
one_step_rolling_nrmse= 3.20483714e-02 2.16912261e-02 5.35285327e-08
multi_step_nrmse= 2.48015651e-02 1.65831059e-02 7.04826965e-09
bilinear_rolling_nrmse= 4.13177304e-05 3.93918463e-05 5.61724195e-08
one_step_residual95= 2.05168108e-06 1.37096611e-06 2.71166256e-09
tube_bound99_terminal= 7.44824102e-05 7.65961483e-05 2.27959208e-07
terminal_tol= 4.16666667e-04 5.00000000e-04 5.23598776e-02
terminal_tightening= 7.44824102e-05 7.65961483e-05 2.27959208e-07
terminal_tol_tight= 3.42184256e-04 4.23403852e-04 5.23596496e-02
nominal_impact_satisfied=0
nominal_captured=0
nominal_final_range_m=782.67761436
nominal_impact_time_s=40.00000000
nominal_impact_time_error_s=0.00000000
nominal_impact_range_m=185.66148728
nominal_impact_heading_deg=29.99202610
nominal_impact_heading_error_deg=-0.00797390
nominal_final_heading_deg=28.77878543
nominal_max_command_mps2=93.60000000
nominal_max_acceleration_mps2=93.59999999
nominal_qp_failures=6
nominal_mean_solve_time_ms=6.76717857
nominal_max_solve_time_ms=426.00050000
nominal_max_look_angle_deg=77.17975337
nominal_fov_limit_deg=Inf
nominal_fov_violation_deg=0.00000000
nominal_mean_xi=0.05144309
nominal_max_prediction_error=0.10495941
nominal_max_terminal_slack= 1.48694209e-02 2.57299112e-02 1.10440435e-02
nominal_final_alpha_hat=0.99999837
nominal_final_beta_hat=0.96583033
stress_impact_satisfied=0
stress_captured=0
stress_final_range_m=526.55441478
stress_impact_time_s=40.00000000
stress_impact_time_error_s=0.00000000
stress_impact_range_m=68.07562902
stress_impact_heading_deg=30.00061161
stress_impact_heading_error_deg=0.00061161
stress_final_heading_deg=28.59336445
stress_max_command_mps2=93.60000000
stress_max_acceleration_mps2=93.59999999
stress_qp_failures=1
stress_mean_solve_time_ms=5.44942238
stress_max_solve_time_ms=9.68050000
stress_max_look_angle_deg=76.28560659
stress_fov_limit_deg=Inf
stress_fov_violation_deg=0.00000000
stress_mean_xi=0.01389512
stress_max_prediction_error=0.13745101
stress_max_terminal_slack= 4.34162959e-03 4.10234394e-03 1.54079257e-04
stress_final_alpha_hat=0.96999603
stress_final_beta_hat=0.94808412
comparison_bilinear_koopman_mpc_impact_satisfied=0
comparison_bilinear_koopman_mpc_captured=0
comparison_bilinear_koopman_mpc_final_range_m=782.67761436
comparison_bilinear_koopman_mpc_impact_time_s=40.00000000
comparison_bilinear_koopman_mpc_impact_time_error_s=0.00000000
comparison_bilinear_koopman_mpc_impact_range_m=185.66148728
comparison_bilinear_koopman_mpc_impact_heading_deg=29.99202610
comparison_bilinear_koopman_mpc_impact_heading_error_deg=-0.00797390
comparison_bilinear_koopman_mpc_final_heading_deg=28.77878543
comparison_bilinear_koopman_mpc_max_command_mps2=93.60000000
comparison_bilinear_koopman_mpc_max_acceleration_mps2=93.59999999
comparison_bilinear_koopman_mpc_qp_failures=6
comparison_bilinear_koopman_mpc_mean_solve_time_ms=6.76717857
comparison_bilinear_koopman_mpc_max_solve_time_ms=426.00050000
comparison_bilinear_koopman_mpc_max_look_angle_deg=77.17975337
comparison_bilinear_koopman_mpc_fov_limit_deg=Inf
comparison_bilinear_koopman_mpc_fov_violation_deg=0.00000000
comparison_bilinear_koopman_mpc_mean_xi=0.05144309
comparison_bilinear_koopman_mpc_max_prediction_error=0.10495941
comparison_bilinear_koopman_mpc_max_terminal_slack= 1.48694209e-02 2.57299112e-02 1.10440435e-02
comparison_bilinear_koopman_mpc_final_alpha_hat=0.99999837
comparison_bilinear_koopman_mpc_final_beta_hat=0.96583033
