Stationary-target Koopman guidance validation
max_bilinear_consistency_error=2.394466272609e-11
one_step_nrmse= 3.67544224e-06 2.88630388e-06 4.53189856e-03
one_step_rolling_nrmse= 5.62781532e-02 3.99583183e-02 1.14154751e-01
multi_step_nrmse= 4.95910323e-02 2.88029669e-02 9.22731921e-03
bilinear_rolling_nrmse= 6.08361753e-05 6.50660528e-05 8.89176251e-02
one_step_residual95= 1.78367270e-06 1.20805435e-06 3.85815238e-03
tube_bound99_terminal= 1.04281825e-04 1.03847909e-04 4.04115657e-01
terminal_tol= 4.16666667e-04 5.00000000e-04 5.23598776e-02
terminal_tightening= 1.04281825e-04 1.03847909e-04 4.18879020e-02
terminal_tol_tight= 3.12384842e-04 3.96152091e-04 1.04719755e-02
nominal_impact_satisfied=0
nominal_captured=0
nominal_final_range_m=20352.57943961
nominal_impact_time_s=40.00000000
nominal_impact_time_error_s=0.00000000
nominal_impact_range_m=19761.68369585
nominal_impact_heading_deg=-150.24822006
nominal_impact_heading_error_deg=179.75177994
nominal_final_heading_deg=-150.24822006
nominal_max_command_mps2=97.44000000
nominal_max_acceleration_mps2=97.44000000
nominal_qp_failures=352
nominal_mean_solve_time_ms=6.65681976
nominal_max_solve_time_ms=82.98540000
nominal_max_look_angle_deg=169.85626504
nominal_fov_limit_deg=Inf
nominal_fov_violation_deg=0.00000000
nominal_mean_xi=0.09249458
nominal_max_prediction_error=5.16504887
nominal_max_terminal_slack= 4.43299589e-09 4.93404486e-08 9.72970426e-08
nominal_final_alpha_hat=1.00000000
nominal_final_beta_hat=0.85000000
stress_impact_satisfied=0
stress_captured=0
stress_final_range_m=19960.96223032
stress_impact_time_s=40.00000000
stress_impact_time_error_s=0.00000000
stress_impact_range_m=19388.05465206
stress_impact_heading_deg=-150.20616418
stress_impact_heading_error_deg=179.79383582
stress_final_heading_deg=-150.20616418
stress_max_command_mps2=97.44000000
stress_max_acceleration_mps2=97.44000000
stress_qp_failures=348
stress_mean_solve_time_ms=6.73537833
stress_max_solve_time_ms=60.34900000
stress_max_look_angle_deg=169.70863543
stress_fov_limit_deg=Inf
stress_fov_violation_deg=0.00000000
stress_mean_xi=0.09737194
stress_max_prediction_error=5.16564285
stress_max_terminal_slack= 4.16772150e-09 4.62660151e-08 9.99739331e-08
stress_final_alpha_hat=0.97000000
stress_final_beta_hat=0.85000000
comparison_bilinear_koopman_mpc_impact_satisfied=0
comparison_bilinear_koopman_mpc_captured=0
comparison_bilinear_koopman_mpc_final_range_m=20352.57943961
comparison_bilinear_koopman_mpc_impact_time_s=40.00000000
comparison_bilinear_koopman_mpc_impact_time_error_s=0.00000000
comparison_bilinear_koopman_mpc_impact_range_m=19761.68369585
comparison_bilinear_koopman_mpc_impact_heading_deg=-150.24822006
comparison_bilinear_koopman_mpc_impact_heading_error_deg=179.75177994
comparison_bilinear_koopman_mpc_final_heading_deg=-150.24822006
comparison_bilinear_koopman_mpc_max_command_mps2=97.44000000
comparison_bilinear_koopman_mpc_max_acceleration_mps2=97.44000000
comparison_bilinear_koopman_mpc_qp_failures=352
comparison_bilinear_koopman_mpc_mean_solve_time_ms=6.65681976
comparison_bilinear_koopman_mpc_max_solve_time_ms=82.98540000
comparison_bilinear_koopman_mpc_max_look_angle_deg=169.85626504
comparison_bilinear_koopman_mpc_fov_limit_deg=Inf
comparison_bilinear_koopman_mpc_fov_violation_deg=0.00000000
comparison_bilinear_koopman_mpc_mean_xi=0.09249458
comparison_bilinear_koopman_mpc_max_prediction_error=5.16504887
comparison_bilinear_koopman_mpc_max_terminal_slack= 4.43299589e-09 4.93404486e-08 9.72970426e-08
comparison_bilinear_koopman_mpc_final_alpha_hat=1.00000000
comparison_bilinear_koopman_mpc_final_beta_hat=0.85000000
