Stationary-target Koopman guidance validation
max_bilinear_consistency_error=2.394466272609e-11
one_step_nrmse= 4.26206238e-06 2.85998375e-06 2.60912399e-09
one_step_rolling_nrmse= 3.20483714e-02 2.16912261e-02 5.35285327e-08
multi_step_nrmse= 2.48015651e-02 1.65831059e-02 7.04826965e-09
bilinear_rolling_nrmse= 4.13177304e-05 3.93918463e-05 5.61724195e-08
one_step_residual95= 2.05168108e-06 1.37096611e-06 2.71166256e-09
tube_bound99_terminal= 7.44824102e-05 7.65961483e-05 2.27959208e-07
terminal_tol= 4.16666667e-04 5.00000000e-04 5.23598776e-02
terminal_tightening= 7.44824102e-05 7.65961483e-05 2.27959208e-07
terminal_tol_tight= 3.42184256e-04 4.23403852e-04 5.23596496e-02
nominal_impact_satisfied=0
nominal_captured=0
nominal_final_range_m=599.62242022
nominal_impact_time_s=40.00000000
nominal_impact_time_error_s=0.00000000
nominal_impact_range_m=9.98176536
nominal_impact_heading_deg=33.16735355
nominal_impact_heading_error_deg=3.16735355
nominal_final_heading_deg=30.13952897
nominal_max_command_mps2=93.60000000
nominal_max_acceleration_mps2=93.60000000
nominal_qp_failures=1
nominal_mean_solve_time_ms=44.48659762
nominal_max_solve_time_ms=877.85720000
nominal_max_look_angle_deg=77.60884937
nominal_fov_limit_deg=Inf
nominal_fov_violation_deg=0.00000000
nominal_mean_xi=0.01397518
nominal_max_prediction_error=0.10710281
nominal_max_terminal_slack= 5.58272449e-09 1.65034782e-03 2.92087403e-03
nominal_final_alpha_hat=0.99998195
nominal_final_beta_hat=0.85000000
stress_impact_satisfied=0
stress_captured=0
stress_final_range_m=334.84907201
stress_impact_time_s=40.00000000
stress_impact_time_error_s=0.00000000
stress_impact_range_m=261.06407332
stress_impact_heading_deg=27.16240329
stress_impact_heading_error_deg=-2.83759671
stress_final_heading_deg=32.73903703
stress_max_command_mps2=100.00000000
stress_max_acceleration_mps2=93.60000000
stress_qp_failures=7
stress_mean_solve_time_ms=134.75117000
stress_max_solve_time_ms=2096.57790000
stress_max_look_angle_deg=76.42967319
stress_fov_limit_deg=Inf
stress_fov_violation_deg=0.00000000
stress_mean_xi=0.01092822
stress_max_prediction_error=0.10921281
stress_max_terminal_slack= 2.06294883e-02 1.73014432e-02 8.03465241e-03
stress_final_alpha_hat=0.96999895
stress_final_beta_hat=0.85000000
comparison_bilinear_koopman_mpc_impact_satisfied=0
comparison_bilinear_koopman_mpc_captured=0
comparison_bilinear_koopman_mpc_final_range_m=599.62242022
comparison_bilinear_koopman_mpc_impact_time_s=40.00000000
comparison_bilinear_koopman_mpc_impact_time_error_s=0.00000000
comparison_bilinear_koopman_mpc_impact_range_m=9.98176536
comparison_bilinear_koopman_mpc_impact_heading_deg=33.16735355
comparison_bilinear_koopman_mpc_impact_heading_error_deg=3.16735355
comparison_bilinear_koopman_mpc_final_heading_deg=30.13952897
comparison_bilinear_koopman_mpc_max_command_mps2=93.60000000
comparison_bilinear_koopman_mpc_max_acceleration_mps2=93.60000000
comparison_bilinear_koopman_mpc_qp_failures=1
comparison_bilinear_koopman_mpc_mean_solve_time_ms=44.48659762
comparison_bilinear_koopman_mpc_max_solve_time_ms=877.85720000
comparison_bilinear_koopman_mpc_max_look_angle_deg=77.60884937
comparison_bilinear_koopman_mpc_fov_limit_deg=Inf
comparison_bilinear_koopman_mpc_fov_violation_deg=0.00000000
comparison_bilinear_koopman_mpc_mean_xi=0.01397518
comparison_bilinear_koopman_mpc_max_prediction_error=0.10710281
comparison_bilinear_koopman_mpc_max_terminal_slack= 5.58272449e-09 1.65034782e-03 2.92087403e-03
comparison_bilinear_koopman_mpc_final_alpha_hat=0.99998195
comparison_bilinear_koopman_mpc_final_beta_hat=0.85000000
